-8.700483029290435866e+01
-8.659305858378462517e+01
-8.659685016778362865e+01
-8.663818028543393268e+01
-8.679804685831467737e+01
-8.714668550477888687e+01
-8.671356781738022335e+01
-8.663273160013908125e+01
-8.615444765660615190e+01
-8.632682473802026379e+01
-8.677334801643776530e+01
-8.684616819358313933e+01
-8.660254989896138511e+01
-8.677335207505831249e+01
-8.720367749383459000e+01
-8.679488448550337409e+01
-8.704788715961589673e+01
-8.678665496490192766e+01
-8.656334525708177807e+01
-8.692852557681572989e+01
-8.662375277984241961e+01
-8.690821521278051875e+01
-8.675351971239774684e+01
-8.682600442314252120e+01
-8.653403561128838817e+01
-8.689641636343458231e+01
-8.625246011798151358e+01
-8.664938423672661827e+01
-8.676600316098716803e+01
-8.677338923940553173e+01
