6.806276449249050453e-02
2.584953235739999994e-02
4.592961148706767860e-01
4.696974421047889203e-02
3.765748073817840047e-02
3.956678265894694041e-02
7.828932411320778384e-02
3.979712339103409768e-02
8.025994584383028263e-02
5.500441892648314651e-02
5.020889525116463414e-02
5.849553268943059187e-02
6.437186034039805993e-02
9.325915703862183714e-02
5.866162043926928527e-02
7.209062949889977201e-02
7.050951514091145789e-02
2.941674479529380465e-02
6.325884198809064718e-02
5.411774518924319932e-02
3.070912559815389131e-02
5.057745626411134371e-02
3.774161944957804549e-02
4.685904881141358946e-02
5.153690740759238331e-02
1.058960163627379741e-01
7.461671803927699687e-02
3.393010083447390440e-02
1.502551169477953918e-01
3.089387350346953220e-02
