-3.800714617181919408e+01
-3.802889495108258444e+01
-3.804109760656517381e+01
-3.795794856398398309e+01
-3.799991566725391579e+01
-3.799951544102094658e+01
-3.803171194972479441e+01
-3.803122299594453182e+01
-3.805732640255908450e+01
-3.803908069706861284e+01
-3.801401282385156577e+01
-3.804649823866827774e+01
-3.807147102441845021e+01
-3.801925266598117048e+01
-3.798706988631681014e+01
-3.802391298111750473e+01
-3.799325856102795740e+01
-3.800957181048094213e+01
-3.803500825329510349e+01
-3.807630358978047980e+01
-3.804596390738677059e+01
-3.800781697966291262e+01
-3.807616892065908587e+01
-3.798953121291467738e+01
-3.799570236972266457e+01
-3.798450974500650545e+01
-3.801411577584679691e+01
-3.806425185507423237e+01
-3.808607248724530336e+01
-3.801129875998321950e+01
