1.034363049921315468e-02
4.645253656331326322e-03
4.855962968933795303e-03
6.117045460561634611e-03
9.430987993320188306e-03
1.022565090158516522e-02
5.425170322479813678e-03
5.020854025037547498e-03
1.283002044351710252e-02
5.261747178586071057e-03
7.357959388901854150e-03
8.152395695329441375e-03
5.115586439959578409e-03
6.992257284526788401e-03
4.959163919237600041e-03
1.116486526834059925e-02
1.199099344581518525e-02
4.254042929349759021e-03
5.818218925110008564e-03
5.094284663840018684e-03
5.690845449022810185e-03
6.178282835623737090e-03
1.432414927299364808e-02
1.144210378661175177e-02
4.479949155647772012e-03
4.979812978130227982e-03
6.462912158135696722e-03
9.442239017409644747e-03
1.401801611012126227e-02
1.231999992830318247e-02
