-8.799622241276480850e+01
-8.812143231594734516e+01
-8.802530382183073243e+01
-8.819540428178862612e+01
-8.837527186945504809e+01
-8.781571687712138896e+01
-8.829228126792055775e+01
-8.816498983245271859e+01
-8.815839173226015646e+01
-8.820181038697620579e+01
-8.831694544309981154e+01
-8.808889860286086559e+01
-8.828811004549291397e+01
-8.838463758699455752e+01
-8.818354917808937898e+01
-8.807266128330296340e+01
-8.845195974112576209e+01
-8.825539621343949648e+01
-8.833681255481488392e+01
-8.819248466996201330e+01
-8.814107113325570708e+01
-8.810953003351804114e+01
-8.822160858192512478e+01
-8.801818261854521097e+01
-8.782304975253757107e+01
-8.823916897424948047e+01
-8.816304271502170309e+01
-8.830047223566019454e+01
-8.841480599187391931e+01
-8.814214799368500053e+01
