1.682453677851743559e-02
4.552199355830659211e-02
3.286547664633526766e-02
6.992636934734761112e-02
2.283826639700201402e-02
2.240823532021704936e-02
3.570217823793721268e-02
1.742914968432949241e-01
2.691542740426642460e-02
1.756439676578096243e-01
3.016251408098068534e-02
2.903477217147529960e-02
2.415630017760893658e-02
2.520552868652385300e-02
2.874163426427325807e-02
1.893329590215742098e-02
3.189166037230965756e-02
2.548531708978753196e-02
3.733175621297832314e-02
2.597889684154806519e-02
1.754072083868710163e-02
5.143436849125946481e-02
4.387279422638271781e-02
2.458461764740751260e-02
2.943891479178634488e-02
1.809214725692182349e-02
3.660223609455613702e-02
1.447603393488016213e-02
4.285983421181221997e-02
3.042973801650806706e-02
