4.972008701753091384e-03
5.724373831141759197e-03
5.104265802089985767e-03
5.689434825557213027e-03
2.296298578076456064e-03
6.150837004741943094e-03
3.394882869853523954e-03
1.391109571872706577e-02
7.648361095150035642e-03
8.887520124691081561e-03
4.108224702176609990e-03
6.561584680765039472e-03
3.035926519502949329e-03
3.504471611122969826e-03
9.688585827783650212e-03
4.204143849372715853e-03
2.935886615354574552e-03
3.918430939012429101e-03
2.311108162414184618e-03
2.583952897477054950e-03
4.433595495888938663e-03
2.419889355851136473e-03
4.165773863048894722e-03
6.891503657609369081e-03
3.270510753362441785e-03
3.942780746623129537e-03
5.574720645755265255e-03
7.894160714664600828e-03
3.586808434145629526e-03
3.644965434139850382e-03
