-3.411608830004517756e+01
-3.409560534610351823e+01
-3.410383018669035238e+01
-3.407740517889470766e+01
-3.411725343206546768e+01
-3.408864228857445511e+01
-3.409759879755415568e+01
-3.411719884490345578e+01
-3.412699270816408159e+01
-3.409509905765746396e+01
-3.413684029088894079e+01
-3.406520881812247836e+01
-3.412783879867578207e+01
-3.412608614612831559e+01
-3.408494641213779630e+01
-3.407647970736547904e+01
-3.409757354732794710e+01
-3.411917372770987100e+01
-3.409887590738645002e+01
-3.405644032311374758e+01
-3.409854683568751454e+01
-3.409898835893319813e+01
-3.410147583400298998e+01
-3.412851454005826213e+01
-3.410336659133164972e+01
-3.408393867010695999e+01
-3.410486605585035136e+01
-3.411008161236333791e+01
-3.411931368677046805e+01
-3.407798742634825828e+01
