-8.030953864177375578e+01
-8.050157092637712708e+01
-8.036027941128121199e+01
-7.967143678629798842e+01
-8.017999169043444851e+01
-8.125123451914291195e+01
-7.942745615321749142e+01
-8.109011682125000675e+01
-7.964441213457517676e+01
-8.013784139483342983e+01
-8.044256773905219404e+01
-7.933412920227091547e+01
-7.966599757204731702e+01
-8.105947783360450387e+01
-8.134002307977097246e+01
-7.932058339491064203e+01
-7.994550991483092162e+01
-7.990276947632557381e+01
-7.988821395861636177e+01
-7.961186657316245885e+01
-7.978433558131575865e+01
-7.910428605336466035e+01
-8.081565430764337066e+01
-7.918188633833705126e+01
-8.036501667267735627e+01
-8.242160491009492773e+01
-8.025128269830342731e+01
-8.187062744564046568e+01
-8.121921373028033031e+01
-8.037156080027816074e+01
