2.310421066411078028e-01
1.236166940953868365e-01
1.235519176754963089e-01
1.139418885824614591e-01
1.633181810718404570e-01
1.321772852859916247e-01
1.433045394425013219e-01
9.780096948398965540e-02
1.030895034255186055e-01
8.478072486857753109e-02
1.403334390279186994e-01
2.926182193275100318e-01
1.853951928118080794e-01
3.198228208804911321e-01
1.795850279563875607e-01
2.251107374986018872e-01
1.407146131289439550e-01
2.198243182226655990e-01
2.911826638557066249e-01
9.281305587878067864e-02
1.475923296152418795e-01
1.177355024640441006e-01
1.124187816108878912e-01
2.160332051911241780e-01
2.003724447140534659e-01
1.298658580931771056e-01
1.381148133862563077e-01
2.109581164739765258e-01
1.400175700947602353e-01
9.567184299815353898e-02
