-4.906029843984261873e+01
-4.914769261467619543e+01
-4.910544738980334500e+01
-4.934632244561257153e+01
-4.898763454053173660e+01
-4.897379135133349592e+01
-4.909139523329373134e+01
-4.911316815311417372e+01
-4.914223086425917586e+01
-4.887442720202675162e+01
-4.909473146172811653e+01
-4.928953021193564865e+01
-4.898003053015916919e+01
-4.935660539001201386e+01
-4.899993509150063176e+01
-4.888976687006928046e+01
-4.904122417617453777e+01
-4.895792493884091812e+01
-4.905988740398865389e+01
-4.891213108340620863e+01
-4.895830836125861651e+01
-4.899533076612965488e+01
-4.905101862765383913e+01
-4.911740315727332984e+01
-4.886174990353741521e+01
-4.856220463218512862e+01
-4.932275712271795953e+01
-4.903549707744905106e+01
-4.909359288003786048e+01
-4.890137966303600336e+01
