1.459381942284624159e-02
4.375833363566991596e-02
9.334178723758877749e-03
2.939216609303426167e-02
4.816319868952575328e-02
3.749877839947951541e-02
2.859919309494723949e-02
3.318050563774480044e-02
2.627670407825863710e-02
3.776929181026981996e-02
5.188678796961426753e-02
3.836620290518041182e-02
2.867302311266529957e-02
1.478407166991289531e-02
1.975937811832474342e-02
2.509995298237286190e-02
1.628941536637702400e-02
2.529232552700966252e-02
2.528997468567296958e-02
2.954207346710244902e-02
1.612859780280738453e-02
4.673287128345020303e-02
2.083672635077239016e-02
4.556236060405441379e-02
2.829773289093146307e-02
4.700905339885173839e-02
1.905779272501540236e-02
1.064672313885092064e-02
1.907544022019151686e-02
2.913414151737369825e-02
