4.749678728114813814e-02
1.000356011126193462e-01
4.834619148570688807e-02
6.404083383602536539e-02
4.202688498731308592e-02
1.372905996374663984e-01
8.007828005706793539e-02
4.097202706181590770e-02
6.813668709318605743e-02
1.244883821764066895e-01
8.225849241315462412e-02
7.833512699951473979e-02
4.186089340137401360e-02
2.586683923024967260e-02
3.235282700255387445e-02
5.805611739509686231e-02
1.272720770969248127e-01
4.882425555466125139e-02
8.796145540392602546e-02
6.556115380713127549e-02
6.698534244972097207e-02
1.835196952966670902e-01
2.750319486538357200e-02
5.235161253755939853e-02
6.334215181138488915e-02
6.964237346909808724e-02
1.061550945589729011e-01
4.462602270925195708e-02
5.995823451357211453e-02
5.339730319835689354e-02
