-8.557609423713596186e+01
-8.480215786224187013e+01
-8.507272131512300462e+01
-8.468442209419376354e+01
-8.559798314516514495e+01
-8.515371450803407072e+01
-8.541924720839799079e+01
-8.530913390585971001e+01
-8.501656205381088682e+01
-8.548789811643277403e+01
-8.545628606265569260e+01
-8.509481046338709120e+01
-8.508980279856329787e+01
-8.588949451207953700e+01
-8.512644530867734716e+01
-8.493606108265890953e+01
-8.565818803123414682e+01
-8.550123515779436900e+01
-8.535191370496752938e+01
-8.523901239580845868e+01
-8.520394921729291582e+01
-8.475982339131495280e+01
-8.509209533432691330e+01
-8.565017362400783441e+01
-8.538813545120173387e+01
-8.467587515814730637e+01
-8.546133367237200673e+01
-8.610020657001662414e+01
-8.529347943282121491e+01
-8.513936928283476391e+01
