1.331725140931104209e-02
1.091643333861594400e-02
3.633840436507551619e-03
1.058556676141464772e-02
1.457748995722180779e-02
5.930462228078020072e-03
8.102297636190232064e-03
1.196694575069850996e-02
7.930840889752564793e-03
9.552680040569359529e-03
1.044280561692748251e-02
1.562791989385196867e-02
1.121805402532620802e-02
7.883632232267002299e-03
5.831013670390836935e-03
8.422839246850780809e-03
1.437250398357391157e-02
9.534391791703804644e-03
9.021608430744117862e-03
1.430291455691611383e-02
1.529446608343798010e-02
5.444732232018197060e-02
9.390190405951568883e-03
9.608506189158651581e-03
9.713533206204407605e-03
5.350862803587420197e-03
7.709864429654367073e-03
6.088888358414740361e-03
6.690484792721143083e-03
1.050975441694500592e-02
