-3.903401671105745407e+01
-3.900235874234854805e+01
-3.901194968580556122e+01
-3.905083514994250038e+01
-3.900439896219283042e+01
-3.900515076347848975e+01
-3.901625048439242960e+01
-3.906737102130217920e+01
-3.912672661739259183e+01
-3.902723824273826381e+01
-3.901183256442594427e+01
-3.903849644814723518e+01
-3.904723005319483065e+01
-3.905265804359862614e+01
-3.908386764688464154e+01
-3.903476459606267213e+01
-3.900136353111837906e+01
-3.902217540968430853e+01
-3.899494903051540007e+01
-3.898787845345751180e+01
-3.895112612298615318e+01
-3.902718393963300514e+01
-3.908498285500900238e+01
-3.899998045970863814e+01
-3.909826002916462784e+01
-3.904927431633285551e+01
-3.904120419338197223e+01
-3.905544181269875992e+01
-3.899382612023961059e+01
-3.907853263804666710e+01
