5.947509894361076646e-03
6.197492321714946975e-03
7.594673407349432533e-03
6.125779277695399261e-03
5.946547976312535101e-03
6.212946454963498739e-03
5.935243936284606905e-03
6.493658292691046989e-03
6.545571914343510656e-03
7.090729365693488988e-03
6.560994645318190925e-03
1.021444710199732819e+00
6.036501691270185731e-03
5.982153204251660326e-03
5.985733814990091932e-03
5.996253764767427337e-03
5.998713626932010781e-03
6.307135131612412980e-03
7.462769582244180126e-03
6.143669436846810501e-03
5.982850864474392738e-03
6.162133093051322917e-03
6.111902267265818638e-03
6.806677287564618511e-03
6.053154464483664898e-03
6.280360640564377171e-03
6.030063109655952290e-03
6.927302057128130984e-03
7.035635334378709770e-03
6.273220366405824443e-03
