-8.569272863183789468e+01
-8.567676054267812447e+01
-8.569870810080152523e+01
-8.569085217358694706e+01
-8.563962033930400253e+01
-8.567919290417883360e+01
-8.566609087462124705e+01
-8.567952901957485778e+01
-8.564015724058700130e+01
-8.568894758943078216e+01
-8.566727290901084757e+01
-8.570311062212388720e+01
-8.568037866887442533e+01
-8.568251326863108375e+01
-8.568247642017128385e+01
-8.566025036264598214e+01
-8.569318715751003879e+01
-8.567450061594152544e+01
-8.566184878073832465e+01
-8.569156159517173421e+01
-8.567196723111959500e+01
-8.567893350752291326e+01
-8.571206916063137271e+01
-8.569325320287626369e+01
-8.566588871363347835e+01
-8.567149618919422949e+01
-8.567257027794121882e+01
-8.569325793987833606e+01
-8.569810943030722683e+01
-8.567728941205466242e+01
