6.207033470338205270e-04
4.622435853628590273e-04
5.668614965392039517e-04
5.920931180620158090e-04
6.683486228038471554e-04
5.236605089127478914e-04
4.731565194642385727e-04
6.155507981816453174e-04
5.646620557388447011e-04
5.510823061604385202e-04
5.570071241407637376e-04
5.320826737633937292e-04
5.234761640405173220e-04
6.613325994261826709e-04
6.940635534995811011e-04
5.287582773638626124e-04
4.513290241869882292e-04
6.096889043410827535e-04
7.350433977374538691e-04
5.030520394736273096e-04
4.504189987740855818e-04
5.119816315222739311e-04
4.707856478971258552e-04
4.793134217426489249e-04
4.523311508311858554e-04
4.875895500738130746e-04
4.831133622029149801e-04
5.702298111157769796e-04
4.727941022868374340e-04
5.126775955289497328e-04
