-1.075648464544680039e+01
-1.075405037411048781e+01
-1.076003372444407802e+01
-1.075741362300851023e+01
-1.075826217524570438e+01
-1.075669636664581397e+01
-1.076072595765393203e+01
-1.076034614891176489e+01
-1.075434252204028596e+01
-1.075561763577391261e+01
-1.075827489809316617e+01
-1.076169411068178583e+01
-1.075566944619786192e+01
-1.075737408270748929e+01
-1.076108839041091869e+01
-1.075528624080573614e+01
-1.075603629409727091e+01
-1.076009079086855635e+01
-1.075985413857153361e+01
-1.075424587730287662e+01
-1.075968576398176069e+01
-1.075408556890008427e+01
-1.075302232607142372e+01
-1.075988074108976988e+01
-1.076044469363869815e+01
-1.075620974993966783e+01
-1.075808816255196376e+01
-1.075563777174787816e+01
-1.075699767084419278e+01
-1.075396003524800292e+01
