-8.832879222832406185e+01
-8.819045064968987901e+01
-8.819080739738092234e+01
-8.831919594448358168e+01
-8.814881761036866692e+01
-8.823178006119835004e+01
-8.813396215340560502e+01
-8.823897369887797026e+01
-8.836923925632872567e+01
-8.843174237450628539e+01
-8.841397899193708554e+01
-8.837357140592300198e+01
-8.830039018663981665e+01
-8.828910136574708645e+01
-8.847737706856578654e+01
-8.838716450132768898e+01
-8.807195621525350759e+01
-8.857964963957383020e+01
-8.808269434231469575e+01
-8.806584341802361848e+01
-8.825304228255173200e+01
-8.853629308635817097e+01
-8.846244817190009258e+01
-8.840686778563721759e+01
-8.816961229367645103e+01
-8.813537511715563255e+01
-8.794317892246095880e+01
-8.826736863532042321e+01
-8.825489797227078270e+01
-8.806485556341272058e+01
