3.898771899245509487e-02
4.373317329136871406e-02
1.690902569291149668e-02
1.420354907329671006e-02
1.607359747871181868e-02
3.887826978958887347e-02
3.063727045005004354e-02
2.768789391742290662e-02
2.594716194498236303e-02
3.215585029924315774e-02
2.394361204155282669e-02
2.193827921706904827e-02
2.115196456993459831e-02
4.939837065877308170e-02
2.967822500668954380e-02
3.213389244344298096e-02
1.674992760511808537e-02
2.220018416428774788e-02
1.633517008904178391e-02
2.543513782784214555e-02
1.155396704173335121e-01
3.879515026108986547e-02
2.364783396845663785e-02
1.867984101292956278e-02
4.799215292606369421e-02
2.027949067007123879e-02
3.689643858197318160e-02
2.831594678667491080e-02
2.627475309438721124e-02
4.435377668076249946e-02
