-3.223776852137559246e+01
-3.220363067689972070e+01
-3.220631866849778646e+01
-3.220253902380251532e+01
-3.221011081011869237e+01
-3.223838223080326770e+01
-3.221353810584304256e+01
-3.220134787994857106e+01
-3.220515582954074318e+01
-3.221469337924776255e+01
-3.221060732303166674e+01
-3.221798516538831336e+01
-3.219782929272924576e+01
-3.221140289600639051e+01
-3.221658302635121629e+01
-3.223172620325804871e+01
-3.218991021024272925e+01
-3.226011834642081766e+01
-3.222668144719759908e+01
-3.220928042939632263e+01
-3.220507049266513633e+01
-3.225209834879258608e+01
-3.222322874465412212e+01
-3.222794528125365332e+01
-3.218612067456955117e+01
-3.221105163942802108e+01
-3.221527514872180120e+01
-3.223076833359702675e+01
-3.219963427686907664e+01
-3.224096965137290738e+01
