1.227571319315329951e-02
4.627985730653536196e-03
2.123192556057757439e-03
6.872460790677960112e-03
2.402082477044147936e-03
3.421649051243713831e-03
3.267272291305286635e-03
4.899983525498501601e-03
2.177000374862623263e-03
1.678416310044406881e-03
1.973328665180635721e-03
2.352004086058396507e-03
3.355955606905334024e-03
5.807722971718979992e-03
5.991266273686944067e-03
3.160785765378721062e-03
3.968673293863748258e-03
2.202822796970902147e-03
3.802205851937052062e-03
2.738329325628853159e-03
2.543504539750591001e-02
7.598427323088387253e-03
4.779372567295333586e-03
3.262454319001738788e-03
2.189787894114849764e-03
2.129159253809352701e-03
3.803777305888687149e-03
2.009106712019264381e-03
3.125462697147137186e-03
4.237722350937618565e-03
