8.501614165333550022e-03
7.147058011624458744e-03
1.554109777542254066e-02
1.197241022275228294e-02
7.570183291872131792e-03
6.363773977258200230e-03
6.020972865608444601e-03
6.165019187113172927e-03
6.471461979614137605e-03
6.074019393781112698e-03
6.176304742854197942e-03
6.214462922268948301e-03
6.410114558665433102e-03
6.272179096158253357e-03
6.283165480121284154e-03
6.038131970836261610e-03
7.128749505684969789e-03
6.783183836136619932e-03
7.646860180246994529e-03
6.144764937569798316e-03
6.088254179123334629e-03
1.322809860471840446e-02
6.057035512661121564e-03
6.095792195857163004e-03
6.304949367324691294e-03
6.594127523508640926e-03
6.383700376183756853e-03
6.406932088544915055e-03
6.275122867338852814e-03
6.017674293243200322e-03
