-8.621494943550959533e+01
-8.622382341764784996e+01
-8.624153649733088400e+01
-8.624948140879931202e+01
-8.622794223458893725e+01
-8.622476477397584915e+01
-8.626115844951924316e+01
-8.625789982534274714e+01
-8.626691615838095117e+01
-8.623744860852650618e+01
-8.622811258704830095e+01
-8.622807382403530596e+01
-8.626714265805848925e+01
-8.623599376587928589e+01
-8.624097636542953182e+01
-8.623102625070990257e+01
-8.625765877473895671e+01
-8.627985096030855061e+01
-8.626843765137405740e+01
-8.626853817573848460e+01
-8.625140004115790759e+01
-8.623079318534915672e+01
-8.626349746389894335e+01
-8.623793389360061212e+01
-8.626873923168331260e+01
-8.626200825668874472e+01
-8.625294668517723551e+01
-8.622574307872073973e+01
-8.625413447705989256e+01
-8.626211790036207105e+01
