-1.280510037938681300e+01
-1.281296709921262789e+01
-1.280781498238747673e+01
-1.280875647894247926e+01
-1.280478014065351644e+01
-1.280928450655107653e+01
-1.280827464584096731e+01
-1.281200387539668384e+01
-1.280911076040069396e+01
-1.280857681695244565e+01
-1.281423196332136527e+01
-1.280872711559467092e+01
-1.280384446614201188e+01
-1.280658207741829457e+01
-1.280968777632551436e+01
-1.281118906886689857e+01
-1.281365098743204101e+01
-1.280453705068936898e+01
-1.280900039201423368e+01
-1.280683005588399048e+01
-1.280362325718508565e+01
-1.281135208713351403e+01
-1.280993485425085865e+01
-1.280815087059816371e+01
-1.280957364378561536e+01
-1.280276984706355847e+01
-1.280513748661605078e+01
-1.280463168709415633e+01
-1.280840500891331857e+01
-1.280980338074161118e+01
