6.637189284922361031e-04
7.927421243983345496e-04
5.224279774323121756e-04
2.002473332999874477e-03
6.079373569295043076e-04
6.278247255107713854e-04
5.290223358966769868e-04
4.634425817486818866e-04
6.097743889579542711e-04
4.613566622046042539e-04
6.386095301622810982e-04
6.692551102205901437e-04
7.995924600341224606e-04
4.962516220772521941e-04
4.990947897958246090e-04
5.230504303808754165e-04
5.393860495258772031e-04
7.332160226506358918e-04
6.046380620877981260e-04
4.722691785973906074e-04
4.877987685308346824e-04
4.998853636383065752e-04
6.115289455569907417e-04
5.843570411345731536e-04
6.994437331338430267e-04
4.491154535387013175e-04
5.436003232232911086e-04
4.652493362373596683e-04
5.606895649165771246e-04
6.320917125956095712e-04
