-8.768587862374974407e+01
-8.765589045508244226e+01
-8.761595984240537405e+01
-8.755083145554138468e+01
-8.764746454988137714e+01
-8.757374799737954163e+01
-8.770237092315429095e+01
-8.761949864839048985e+01
-8.761435387612934278e+01
-8.766193169345416436e+01
-8.763823834438487381e+01
-8.755437262623844674e+01
-8.755171628451121535e+01
-8.767174998092369265e+01
-8.762826168034192165e+01
-8.761838886315327102e+01
-8.770053947233375879e+01
-8.768652663974364714e+01
-8.762103310681953872e+01
-8.767456509276843235e+01
-8.765640013798336838e+01
-8.767295504349313262e+01
-8.762189434064822535e+01
-8.766246356753656244e+01
-8.768981741379691641e+01
-8.767740233861493948e+01
-8.756624487965910930e+01
-8.762230065763296238e+01
-8.765455908112211603e+01
-8.766602034201680738e+01
