1.304990279503878692e-02
6.558841062070121242e-02
8.296287864088081748e-03
7.910267429072763770e-03
8.575648575555957012e-03
7.976213415847826019e-03
1.775714469003936841e-02
9.999396871127178010e-03
8.559650348375641080e-03
8.131734543697283213e-03
9.734098472296282001e-03
8.660621852087489400e-03
8.986077578337726968e-03
9.760151350046451790e-03
7.992362859591772145e-03
9.100639242714149771e-03
8.313957138692115376e-03
9.642959514690839853e-03
8.162086032328173812e-03
1.117539932028770513e-02
7.161610675205467604e-03
1.317761460122855374e-02
1.009877980938635872e-02
1.089807057025762686e-02
9.006755946229790671e-03
1.272198935057893693e-02
1.306720215827509787e-02
1.479405035684400356e-02
7.481767965989490933e-03
1.075868507623203678e-02
