-2.115738212483258707e+01
-2.115107739376246343e+01
-2.115711916909803492e+01
-2.114603883760445413e+01
-2.115140830061949728e+01
-2.114763342418572734e+01
-2.116126079057335119e+01
-2.115691160216632127e+01
-2.114216699268792254e+01
-2.115369413870472215e+01
-2.115479012799691461e+01
-2.115892540953343115e+01
-2.115938153442544234e+01
-2.114808347217802265e+01
-2.115142908546453882e+01
-2.115911756238796215e+01
-2.115974945091011250e+01
-2.116246664124547294e+01
-2.115448359842409687e+01
-2.114879097850214151e+01
-2.114515648926977320e+01
-2.115941729095798962e+01
-2.115807552412454484e+01
-2.115239829648720615e+01
-2.115716139575074806e+01
-2.115398550135196842e+01
-2.116179019375995551e+01
-2.115358324400965273e+01
-2.116875753084145728e+01
-2.115236568950909657e+01
