6.619585983533006436e-04
6.754744402445020043e-03
9.246686851247076355e-04
1.692270249797111440e-03
1.313678801131770062e-03
1.134860317996649968e-03
1.973546869750886397e-03
1.574265183999060602e-03
1.026159058819256335e-03
7.925957104481030132e-04
1.325594738057829730e-03
1.700953056905443956e-03
1.211795279403970983e-03
9.546659071486278576e-04
7.688792650916959721e-04
8.489652941922347287e-04
9.743932243087364544e-04
1.262804655023176507e-03
7.076421681299447253e-04
2.465048239972043170e-03
7.191358769313298304e-04
9.313045073266239477e-04
9.673615743956290661e-04
9.225701253416879275e-04
2.320839163380335624e-03
6.902122547787625925e-04
8.824492036537836094e-04
9.891531947166993556e-04
1.616818247659420650e-03
1.077494028065728365e-03
