1.262249134025823727e+00
5.871517581927455653e-01
1.374705756813996704e-01
2.237037151216839659e-01
1.801842243980242564e-01
9.862918068226902979e-02
1.604900775826766657e-01
1.754171292264577742e-01
4.579653559157244036e-01
1.456829009021536614e-01
2.482206855559873360e-01
2.096832119558754426e-01
1.991347161507645291e-01
1.474402036826558682e-01
4.309983415810723639e-01
2.817375207418367222e-01
1.248612879539170578e-01
1.975113351187238464e-01
1.306606938275743091e-01
1.532294042056186745e-01
1.644161748909099552e-01
2.147342586019675426e-01
1.103632035014847412e+00
1.416429732285573229e+00
3.045585292759078744e-01
4.037684294978552413e-01
4.049135926094404869e-01
3.899931065072665959e-01
1.764974960517832203e-01
1.199792972926019829e-01
