-8.200119721340898593e+01
-8.217937933383899463e+01
-8.025982038051022016e+01
-8.321045783992585143e+01
-8.159728781511367401e+01
-8.369271495476746736e+01
-8.369459924660563388e+01
-8.166032569050543088e+01
-8.018833080738298236e+01
-8.225371155555178859e+01
-8.232296990022732075e+01
-8.427062127298873406e+01
-8.147786045162807511e+01
-8.408925295444252868e+01
-8.091793691338830286e+01
-8.422143449200783039e+01
-8.132728040744484588e+01
-8.206765916829928642e+01
-8.243952757967554135e+01
-8.370773743050472149e+01
-8.218961507108264186e+01
-8.424009751472596008e+01
-8.301439763949339579e+01
-8.265819453727527844e+01
-8.043896860199723164e+01
-8.258326084952106783e+01
-8.311191944236274765e+01
-8.483753813694679025e+01
-8.200850338633981096e+01
-8.439787388730999851e+01
