5.085108469196732150e-02
8.498955233722575719e-02
4.618418875387977907e-02
9.420299659643341372e-02
4.912522623988577891e-02
2.888467001293906419e-02
4.041873851402379841e-02
6.078399256531282630e-02
5.366569735132199759e-02
3.179398298496904918e-02
3.898522530156626337e-02
3.438900612293156051e-02
8.165394568806924602e-02
8.460404642650878881e-02
2.185795315332516794e-02
5.024084646292564793e-02
5.118559767593647281e-02
3.541169482941622371e-02
6.633812215985118721e-02
2.749887635159246196e-02
5.279369363075469418e-02
1.861812465578520023e-02
6.932772453985266981e-02
6.693653379303568518e-02
6.150306002393560872e-02
2.901107308652863329e-02
7.669097479080143331e-02
3.014951174213769541e-02
6.076995897238057082e-02
5.446739498682367370e-02
