-5.444295842482167558e+01
-5.463001887126625888e+01
-5.442763028233618172e+01
-5.466221050056424247e+01
-5.443639920472394778e+01
-5.405362210727656702e+01
-5.471399390333789370e+01
-5.430497838848135927e+01
-5.403019717750235884e+01
-5.479701067595112818e+01
-5.458771250949431675e+01
-5.453718773304683509e+01
-5.433497324844972809e+01
-5.415279399537624272e+01
-5.445765771267060273e+01
-5.446424868084741178e+01
-5.447389009502512636e+01
-5.455931296966268462e+01
-5.412350446498089696e+01
-5.426032160144269056e+01
-5.431493004689622950e+01
-5.412323868371742464e+01
-5.465880018025941922e+01
-5.483646096156080318e+01
-5.462325946695970913e+01
-5.473001313197423201e+01
-5.477583058791412896e+01
-5.462153731033578197e+01
-5.393583514046703442e+01
-5.517076204213813639e+01
