-8.639360610206347246e+01
-8.636736869965071151e+01
-8.636545326798865574e+01
-8.639557379359007427e+01
-8.640720017102908912e+01
-8.637723878138024247e+01
-8.638667702137318827e+01
-8.637420959329756442e+01
-8.639223407727844517e+01
-8.638302197203725541e+01
-8.638147918205710596e+01
-8.637565418163137565e+01
-8.638144097643166219e+01
-8.638129780136186753e+01
-8.636532451540722377e+01
-8.638142610267119892e+01
-8.637347314535850273e+01
-8.638362233385544187e+01
-8.635581038832646072e+01
-8.638449707415333023e+01
-8.639538519521214255e+01
-8.636294419365461295e+01
-8.634298197567906641e+01
-8.639682198630224264e+01
-8.636827430524726879e+01
-8.635245053887882705e+01
-8.637513219820067434e+01
-8.635973093023234526e+01
-8.640530357320551502e+01
-8.634109411236778442e+01
