5.987981206186366451e-03
6.933837658575354827e-03
1.983342497577786703e-02
7.577366916504807252e-03
7.631987036614007631e-03
8.149559906524175834e-03
5.985713256897980464e-03
6.221808016624649253e-03
7.029641605101168492e-03
6.212895729216977130e-03
6.028813642028773949e-03
6.141339838106399385e-03
6.559747362018471945e-03
6.297323848799454837e-03
6.404340253924178245e-03
6.207275478774292726e-03
6.536933265610086856e-03
6.587562452616729618e-03
6.013415443404925877e-03
6.857336474648283685e-03
6.241630213878439880e-03
7.046654964670959718e-03
6.343605749363771112e-03
7.234860192959004753e-03
6.613290025865936096e-03
5.919479066086984903e-03
8.083421763028598994e-03
6.342373793095954469e-03
6.848841838177920777e-03
6.635985871796880840e-03
