-1.174781464810995146e+01
-1.175251697253304073e+01
-1.175207894599683200e+01
-1.174924632601899432e+01
-1.175232997202352081e+01
-1.175133662419402647e+01
-1.175190004408343469e+01
-1.175031845497012029e+01
-1.175363920883623159e+01
-1.174907515686589221e+01
-1.175459311672457119e+01
-1.174764389554165334e+01
-1.174792776467756283e+01
-1.175044468040773893e+01
-1.175296833830483934e+01
-1.174947227769485991e+01
-1.175029172004863653e+01
-1.174997403418664987e+01
-1.174827031528258026e+01
-1.175001124929547203e+01
-1.175057363870368299e+01
-1.175436105195908176e+01
-1.175335985548307249e+01
-1.175454139993598446e+01
-1.175044544508867261e+01
-1.175129913594645181e+01
-1.175052790041099726e+01
-1.174831016480424672e+01
-1.175075352799360218e+01
-1.175447954651349747e+01
