4.909651025502650458e-04
5.420162398417269732e-04
1.849086709670542603e-03
5.423212314793944772e-04
7.952844461816310816e-04
1.013657777983335145e-03
5.480537745265032148e-04
6.282878478949550363e-04
6.862961947992773796e-04
5.643246652026665498e-04
4.747248618423220538e-04
4.483254543214383950e-04
4.705023224219317393e-04
5.616602091921971606e-04
9.345658545178857531e-04
4.618687273436650502e-04
5.753816967856867923e-04
4.545979354357473066e-04
5.459765819776341532e-04
4.701492807467219323e-04
4.885830813854868991e-04
7.354214565754918151e-04
4.374197522285254349e-04
5.132108723518331861e-04
6.063360868948944543e-04
5.440829525394068203e-04
4.897309087871561670e-04
4.851779966716594761e-04
7.274296279708646843e-04
4.690243021004497593e-04
