-8.780769715949273291e+01
-8.796960891864716814e+01
-8.801445672904503681e+01
-8.764336122371868498e+01
-8.837389940969914903e+01
-8.778303615568937346e+01
-8.799576282771171520e+01
-8.788025154672861561e+01
-8.748166841438796837e+01
-8.802219932053762363e+01
-8.800255432641439768e+01
-8.809899118999800294e+01
-8.833264500134404784e+01
-8.843424696487682013e+01
-8.798797269345971017e+01
-8.840934249626286601e+01
-8.792223474706628394e+01
-8.776396011868450842e+01
-8.827652426875268077e+01
-8.766426953982876569e+01
-8.811701859015855121e+01
-8.781956339540890610e+01
-8.811544056385631052e+01
-8.845552598268349698e+01
-8.821211843639532901e+01
-8.803719464120224814e+01
-8.826260155749180569e+01
-8.784859827269427512e+01
-8.796158291547254748e+01
-8.795587603530773890e+01
