4.764094298380881082e-02
9.190335593571297146e-02
5.278407152559794896e-02
8.305168291304576567e-02
5.838794210703615595e-02
1.698374348965077038e-02
7.690791924837722671e-02
5.538838043491592367e-02
6.362769652017750965e-02
8.735804407586186815e-02
5.793946984899341068e-02
6.734683793484515235e-02
5.524360920858237961e-02
6.375424238224679241e-02
3.843734510099363483e-02
5.824774231765904309e-02
7.159477909588812805e-02
4.752820512750909748e-02
4.322194339862539536e-02
9.433263924055859673e-02
3.184311364411653716e-02
7.319813062052259178e-02
1.052600268497806413e-01
2.869554117011150277e-02
5.697408858729968717e-02
3.995251209923945251e-02
3.915722482036448904e-02
2.341981917036209393e-02
3.102150448104949373e-02
5.355404075479207326e-02
