2.917704394440376325e-03
6.215466124220283585e-03
5.876473569803516116e-03
7.282025463630163037e-03
5.142014636266793032e-03
5.341579515667832165e-03
4.286104611635158101e-03
4.411277507148164516e-03
5.205875468223281760e-03
4.065414134618866235e-03
3.850934038372314742e-03
6.477139586072214010e-03
6.774237002011861825e-03
9.488899019568366316e-03
3.541418060711844576e-03
3.450659232867111462e-03
5.091028252582591174e-03
1.705177653107484148e-02
5.279755698661035834e-03
1.096252739093422218e-02
4.084594182810774750e-03
5.830296294827292357e-03
4.691212670117786074e-03
1.153461260270850948e-02
9.727266814366220329e-03
3.652973921279174807e-03
1.018260635140916422e-02
8.544766424454095649e-03
5.550104003760257879e-03
4.755754651060858929e-03
