-3.714537616640356532e+01
-3.721773247102795068e+01
-3.714025477664782215e+01
-3.715065699115980635e+01
-3.713592941052488072e+01
-3.717563154086174393e+01
-3.717346159605756384e+01
-3.721022812874149821e+01
-3.712970914309382664e+01
-3.712008247559836605e+01
-3.715149756624538924e+01
-3.713332782139961807e+01
-3.715091847974846928e+01
-3.713047798684935685e+01
-3.712889679434299239e+01
-3.715902774117957108e+01
-3.716805496532324327e+01
-3.710939396471383134e+01
-3.713181951804949676e+01
-3.714275106864200637e+01
-3.718425489755662028e+01
-3.715431387299404520e+01
-3.714010496832885622e+01
-3.715927621453471374e+01
-3.720377991243705651e+01
-3.717130578007418507e+01
-3.714363067941103225e+01
-3.710154615861972616e+01
-3.709996303719962896e+01
-3.719284133976605489e+01
