-8.307624326343923826e+01
-8.189334448443085535e+01
-9.145385905782153202e+01
-8.342679831139530222e+01
-7.946308207323292550e+01
-8.624281821243967272e+01
-8.616038369569331223e+01
-7.840887098463957727e+01
-8.207280336790475417e+01
-8.492450224194215025e+01
-9.039873082448096397e+01
-8.722851281544566859e+01
-8.266704499984120957e+01
-8.807936373753211967e+01
-8.217191694596712637e+01
-8.747465197560620709e+01
-8.224944038928455825e+01
-8.330648135375059837e+01
-8.504110995165865461e+01
-8.318459787651983106e+01
-8.107242574801202295e+01
-8.664779692549731749e+01
-8.807425262460489535e+01
-8.434464446977696639e+01
-8.292944323461642853e+01
-8.143168221473763424e+01
-8.460267053772651025e+01
-8.206610940354087802e+01
-8.131358216631855385e+01
-8.970558488336635605e+01
