6.629675862511519302e-01
4.816804267248788740e-01
4.197792853449623940e-01
5.179222439545611012e-01
3.935812840834316262e-01
5.333718458615361868e-01
1.939463150238522893e-01
3.631543165182773980e-01
3.977850151775786935e-01
6.359466986035332559e-01
6.352932714522612212e-01
2.603146109451656143e-01
4.366849881169526659e-01
3.866745267981983591e-01
4.539540168869229952e-01
3.147237977510601303e-01
5.447596164498588189e-01
9.390634373424562309e-01
4.233790244813857018e-01
5.019015502194755785e-01
6.854135562329114473e-01
5.353971088013796953e-01
3.453236408487643239e-01
4.001091085045224149e-01
5.870693091171094169e-01
5.036827943301097621e-01
3.428057838061230322e-01
8.212721978306198878e-01
3.388391329102227734e-01
3.241999652165412082e-01
