1.305283578084278640e-01
1.043340772916562936e-01
5.587539931334898485e-02
4.011806573977449997e-02
7.816052324434810683e-02
4.676543670556990162e-02
5.878663209634448633e-02
8.327810686636252790e-02
4.682941862140572314e-02
5.489346364486363122e-02
8.082600364229901302e-02
9.015363439774537468e-02
5.790517083214453964e-02
4.215457545478232260e-02
1.587344863568965203e-01
1.274686203766745851e-01
1.454160264407322878e-01
1.166744043608760467e-01
6.962288111879651187e-02
7.240782525447883589e-02
7.791019444922493709e-02
5.863318247557267743e-02
5.871701967408538697e-02
1.193141941959717789e-01
1.020819683260428962e-01
7.540376911126606130e-02
7.544834637540925870e-02
7.529479326803847905e-02
1.441977707590130497e-01
1.018276699133098678e-01
