-6.099319528884234387e+01
-6.023524049354858789e+01
-6.133319698887660820e+01
-5.967257121996567548e+01
-5.983789904715743546e+01
-6.046747259224070348e+01
-5.971602596448612132e+01
-5.981777617368830136e+01
-5.990120230815294633e+01
-6.077502688748043624e+01
-6.075999828609109699e+01
-6.058212782075726466e+01
-5.990455381815268510e+01
-6.019389002168739466e+01
-6.003112189404376409e+01
-6.042334919618679123e+01
-6.077268455970288130e+01
-6.023366031723752201e+01
-6.009223238561524738e+01
-5.992942203222980169e+01
-6.026131374776781513e+01
-5.992493842325557551e+01
-5.985927911184064953e+01
-5.998892255407118057e+01
-6.006160110824792753e+01
-6.012941375047505232e+01
-6.022194623048061146e+01
-6.000912769496269306e+01
-5.972889769659481374e+01
-6.055530208204874754e+01
