-8.175112775520273090e+01
-8.169119401217076870e+01
-8.166060632371500105e+01
-8.154296668921536195e+01
-8.141231872238455480e+01
-8.176375961241495816e+01
-8.244913234725095208e+01
-8.153514821802446022e+01
-8.201418199124216812e+01
-8.254522049528485184e+01
-8.186826496672583175e+01
-8.260258847292818984e+01
-8.206176841584884585e+01
-8.228259759717838051e+01
-8.248877651599076444e+01
-8.121567102055840337e+01
-8.228876287474423634e+01
-8.230492314207744187e+01
-8.151902278102247124e+01
-8.158405697580073479e+01
-8.201941334293644559e+01
-8.228969313666854646e+01
-8.212791513021228695e+01
-8.217138841893574863e+01
-8.287140938154560388e+01
-8.196338940679643770e+01
-8.185983121249742567e+01
-8.153666834970621835e+01
-8.243579915856697937e+01
-8.170524383292905668e+01
