6.976234497308531068e-02
1.453071188818889636e-01
7.450118861658164282e-02
1.065379653092250883e-01
9.136217697626922152e-02
3.515062800558180212e-02
1.293722921762975320e-01
3.332557876042328837e-02
1.084843313280965810e-01
7.381571440467125933e-02
7.356198284801514220e-02
5.957141866608216957e-02
6.108792083102723008e-02
3.718083801346159373e-02
7.003312846008340198e-02
1.333403946435861576e-01
4.915448003252078507e-02
7.390905323129456916e-02
5.468232850492595748e-02
5.514307434365753324e-02
4.151612915076165894e-02
4.373655967053099308e-02
6.063004813761128931e-02
8.178176374172776986e-02
8.642284153631119015e-02
7.059426360230031117e-02
4.019025045673549346e-02
6.719841219922256803e-02
5.176551828848197090e-02
8.061699691804946610e-02
