8.929312035397230299e-03
1.120682735044538705e-02
1.102117705993810488e-02
9.343173026158745065e-03
2.031120932345963775e-02
1.155448546437474501e-02
9.812337255846631176e-03
7.255790897151867362e-03
9.705421341425024204e-03
1.045074623789732544e-02
1.448232543649648034e-02
7.736276039372950476e-03
1.578674515275757528e-02
1.139847216355669053e-02
5.185516354785389692e-03
7.542102212537241460e-03
1.032158115694691188e-02
1.276883242188538506e-02
6.816472396367030846e-03
1.265093574837850704e-02
1.083529265796002485e-02
1.133707334041310529e-02
1.365588297816830270e-02
1.056123538186849210e-02
7.300485258587625058e-03
1.868180702091245746e-02
7.683752581543649464e-03
1.968894096672023017e-02
8.370514649605278329e-03
9.213023107635567865e-03
