-4.095692402370887208e+01
-4.105862896205617574e+01
-4.112025388612782706e+01
-4.109275737678986218e+01
-4.115567118824054660e+01
-4.090453681873047032e+01
-4.103439534550390988e+01
-4.109216479980037917e+01
-4.095911705992251939e+01
-4.112543724276196855e+01
-4.101624501765159181e+01
-4.115087898778462971e+01
-4.106608933865479116e+01
-4.104750045591601548e+01
-4.113518279300355118e+01
-4.104332152722509619e+01
-4.094252910841341020e+01
-4.107883593101901454e+01
-4.105510519543335590e+01
-4.099562003579615777e+01
-4.100280008954182165e+01
-4.092820362755747254e+01
-4.108750705913501378e+01
-4.111439722457988921e+01
-4.113199216687223725e+01
-4.102695291062669014e+01
-4.101053071921555215e+01
-4.108334395043601006e+01
-4.100331198996480708e+01
-4.111561115609307393e+01
