-8.827139113345049282e+01
-8.821402298464599312e+01
-8.816287358848565248e+01
-8.820200873660337493e+01
-8.813721508473282995e+01
-8.816056664725576297e+01
-8.827107570428796635e+01
-8.824297243370534716e+01
-8.826511340764288605e+01
-8.827746463613267736e+01
-8.832931550575072777e+01
-8.827544247250474996e+01
-8.823928003985422208e+01
-8.822119403855919018e+01
-8.825473354787982316e+01
-8.808102520136461067e+01
-8.823601641089241809e+01
-8.830478650885319780e+01
-8.829488736245248504e+01
-8.832370964587221351e+01
-8.821090238318035404e+01
-8.808706862284279282e+01
-8.824817982100609015e+01
-8.814920956750714254e+01
-8.821210799311108985e+01
-8.823542196844533692e+01
-8.813882739586161108e+01
-8.820426674654265753e+01
-8.837283710307475815e+01
-8.823365107549719255e+01
