1.246653745454222133e-02
2.473448484306994127e-02
2.917019303523347984e-02
2.159510801596714602e-02
3.345658460731221889e-02
2.934121562633611527e-02
1.608875511018750468e-02
1.192160684485140711e-02
1.712240647105786606e-02
1.301225641780984904e-02
1.027677503064228920e-02
9.757783812457995753e-02
2.455453624966785764e-02
1.267017026636361489e-02
3.159875595489998468e-02
2.448429648765324332e-02
1.399603281322977372e-02
2.604266349705000941e-02
1.233107169042876698e-02
8.377504633861977690e-03
1.796291845457819933e-02
1.509543641990299459e-02
1.019101785339551237e-02
1.242326652266022811e-02
8.019309682952134588e-03
1.060945275988289631e-02
1.130717410528538948e-02
1.225612733747069756e-02
1.134146744234060603e-02
1.360844564378454677e-02
