2.892112238206379169e-03
2.016845516462334453e-03
7.041862673781199532e-03
4.743519948679813386e-03
2.534437146467020865e-03
1.576262964153162405e-03
1.482514441877974412e-03
2.141400813875832514e-03
7.894943221331104238e-03
3.905818864874770462e-03
1.479212802069551115e-03
1.157356467898639331e-03
2.469126853857805514e-03
1.014029827279473717e-03
2.110350768268123151e-03
2.277827158426416147e-03
1.259932411006264462e-03
4.215012644016595013e-03
2.563185522816390817e-03
1.242908478913265849e-03
1.353548744495349909e-03
1.087561647687668382e-03
3.654891274287115112e-03
1.405822502239425110e-03
1.761504007127267200e-03
1.902812216231479590e-03
1.279476834943373215e-03
1.006572045718437565e-03
3.484709623658510582e-03
1.859547312694299079e-03
