-2.621721012118648986e+01
-2.623297970807556112e+01
-2.621005307080773505e+01
-2.623294187559667989e+01
-2.621431858063435527e+01
-2.620940251079623451e+01
-2.621853250368234711e+01
-2.621727467280036095e+01
-2.620254332659637697e+01
-2.621730144492948256e+01
-2.619511584866328846e+01
-2.621333605942024292e+01
-2.621864779398939049e+01
-2.621304576717464840e+01
-2.621523605652164690e+01
-2.621983227664826188e+01
-2.621316631119837481e+01
-2.622186163386976432e+01
-2.621469219433839015e+01
-2.620936410192413035e+01
-2.620644785786706166e+01
-2.620766213582104598e+01
-2.622624920229280221e+01
-2.623814791012569714e+01
-2.622690633901802926e+01
-2.621365010118092442e+01
-2.621841063549958406e+01
-2.624996350218883734e+01
-2.623067122110355953e+01
-2.623258795282845313e+01
