5.901622257018812948e-03
5.997732662246060484e-03
5.887603633170630443e-03
6.199938828219066569e-03
6.080856051151098916e-03
5.922841273816825854e-03
5.885202439840139105e-03
6.065002569527007045e-03
5.967380813585682758e-03
6.065213934348064918e-03
5.891512297918075416e-03
6.018847346978279354e-03
5.970130849119146231e-03
6.005246505335873515e-03
5.971850537157710574e-03
5.927911420295209344e-03
6.053601024253623883e-03
5.974099200098404935e-03
6.435828516202815944e-03
5.936167289454483825e-03
5.860980913001079262e-03
5.869537045305095804e-03
5.853113890738861208e-03
5.916697319909899194e-03
6.322707270124328614e-03
6.001928549539100113e-03
6.099879954441972396e-03
5.925141297415500302e-03
5.845872082806895242e-03
6.304954487002733914e-03
