-8.741575986371233853e+01
-8.744340846660074362e+01
-8.743099660405454188e+01
-8.743205614707707696e+01
-8.741632491929527760e+01
-8.745049008803785284e+01
-8.742516296780013363e+01
-8.742011123856309496e+01
-8.740829003065508118e+01
-8.743934594908111535e+01
-8.742972823141569449e+01
-8.742255756994859439e+01
-8.744171098182100366e+01
-8.742680577100142614e+01
-8.744029958976022954e+01
-8.743172518449969743e+01
-8.743877415622668536e+01
-8.744009322743048074e+01
-8.743232431853029141e+01
-8.743855114355596925e+01
-8.743657086830626213e+01
-8.744320291804552880e+01
-8.743583851984331545e+01
-8.743022322021055004e+01
-8.743321526680797717e+01
-8.743352218822548139e+01
-8.744983188376946259e+01
-8.744137569584066227e+01
-8.743656979583326461e+01
-8.744186390760312122e+01
