4.426110924204143472e-04
4.276449389853236591e-04
4.205881463615839910e-04
4.464286623733445029e-04
4.441513175228478010e-04
4.970211631000417702e-04
4.414495958921160952e-04
4.669156140767240790e-04
4.849395737774304482e-04
4.977804790714002474e-04
4.504810076930613289e-04
4.077908984758023270e-04
4.067855897453034842e-04
4.599348047323365994e-04
5.132990686644307420e-04
4.902954933521233355e-04
6.095994528286656803e-04
4.259147191705210970e-04
4.854209888872485878e-04
4.296568625232841804e-04
4.642624182079190952e-04
4.894010419776208005e-04
4.528568228562286462e-04
5.635347009493629810e-04
4.250822043542553264e-04
4.653382646018113639e-04
4.467580756876020267e-04
4.994877329698138146e-04
4.880073587085578574e-04
4.908680079320231924e-04
