-4.489794458995592485e+00
-4.487748324498280539e+00
-4.486791513346916283e+00
-4.483320210574518683e+00
-4.489354131443674234e+00
-4.486211344534288159e+00
-4.486226419312860259e+00
-4.486697664494156967e+00
-4.487767764151959327e+00
-4.485365530285308822e+00
-4.489858870598470553e+00
-4.485993862208308869e+00
-4.484819022920413900e+00
-4.484802346739211742e+00
-4.485642422729483769e+00
-4.490289856184947581e+00
-4.486274297440980163e+00
-4.486565240312367919e+00
-4.487778859621150751e+00
-4.486553041493515082e+00
-4.485496555007776109e+00
-4.486418476456510263e+00
-4.484814178019549402e+00
-4.482396250991723896e+00
-4.485535261529012274e+00
-4.487870615057680368e+00
-4.485124970770540287e+00
-4.484707202540848314e+00
-4.485782207488259843e+00
-4.484049350029907899e+00
