1.306808115284023020e-01
1.578470449488647287e-01
5.892162148815143635e-02
1.516764587777866824e-01
3.444382265449233982e-01
1.128575281500616839e-01
2.387054383506129196e-01
7.879812932772008172e-02
1.580226418056085713e-01
7.501777797965261674e-02
7.572202939119244969e-02
1.327959351813172428e-01
1.054706906298961272e-01
9.462738528081933442e-02
7.767723604637288837e-02
1.415144048497931906e-01
7.724086444722347289e-02
9.040278134521366471e-02
1.245114745561998609e-01
9.800650528606595635e-02
1.710624259243557765e-01
7.924572142259520002e-02
1.457003156727503246e-01
8.800824257325191857e-02
1.099179850017203836e-01
5.883588782302394404e-02
9.793448859757235281e-02
1.246823096411335680e-01
1.251677302627437482e-01
7.795311830379317297e-02
