-8.048658582075789525e+01
-8.030204007599759564e+01
-7.911183075387702957e+01
-7.935424085253718829e+01
-7.900317775667028286e+01
-7.861747067832850178e+01
-8.031521127005956373e+01
-7.843958706064660191e+01
-7.900624707270051772e+01
-7.973765499635547371e+01
-7.922375497137655032e+01
-7.996775916828106290e+01
-7.979041478299822643e+01
-8.022478262541734750e+01
-7.803405133335014909e+01
-7.957685748625334554e+01
-7.977997172360656464e+01
-8.113293606237355959e+01
-8.010367245083193666e+01
-7.817912114101076781e+01
-7.915710519832914827e+01
-7.956886981047657059e+01
-7.829882842453889680e+01
-7.964028175744348914e+01
-7.988222573376840785e+01
-7.959983486254706975e+01
-7.925099336329972743e+01
-7.932208738331843279e+01
-8.007435183644412291e+01
-7.867244391363470868e+01
