1.096408676791590063e-02
2.528059878469007121e-02
2.133772821425065913e-02
2.519435325346994908e-02
4.262005688961348349e-02
1.665931298389406942e-02
3.125114000334092146e-02
2.039325229088852567e-02
2.536536772463035203e-02
1.578262022290255473e-02
2.470895858077478205e-02
1.624687410978644872e-02
1.430632626111981442e-02
2.072278222318938920e-02
4.040397990730559830e-02
1.623966712445957736e-02
1.321246423540000173e-02
1.642831379249387602e-02
2.349915146136330457e-02
1.347193279258352555e-02
4.453417288149066899e-02
1.365017321120408703e-02
1.210551291311690383e-02
1.194686667976574412e-02
2.457729461001935053e-02
1.991087662541849920e-02
2.464499374529595735e-02
1.886158745321197747e-02
2.774083945854199582e-02
2.241662428256631714e-02
