-4.630312374657740548e+01
-4.605542321617225809e+01
-4.599810599862426841e+01
-4.614301136888052213e+01
-4.614340883968039719e+01
-4.624041803947409335e+01
-4.636705618887811653e+01
-4.602185106722192387e+01
-4.624974544087495332e+01
-4.605138649017891339e+01
-4.624545761200380412e+01
-4.612772668754339378e+01
-4.610389324853214532e+01
-4.607082104525763810e+01
-4.603987978134158254e+01
-4.607606366215074445e+01
-4.620079984028239295e+01
-4.606281640107610542e+01
-4.616370399182226691e+01
-4.600523018707383471e+01
-4.609882619664668368e+01
-4.626840673790296421e+01
-4.628490808402319345e+01
-4.582139340931678362e+01
-4.625682328385794051e+01
-4.598676236739733270e+01
-4.606745781425644282e+01
-4.624427573950356418e+01
-4.613881128635436824e+01
-4.622466423939854963e+01
