3.596649971852273753e-01
2.105494533904103682e-01
4.138827621843875204e-01
7.596205606015089540e-01
5.196226385485682719e-01
2.451794483263834423e-01
2.199289915386007654e-01
4.196720694405776664e-01
6.796033864643880040e-01
5.046264815432862649e-01
3.399908729682379893e-01
2.572746839292140986e-01
1.563708271714851217e-01
3.196671849189343106e-01
4.654887818521318832e-01
3.502521463691838366e-01
3.687177915521268612e-01
3.870698579364329484e-01
7.775452491487367945e-01
5.407799037342143622e-01
3.393456760030202357e-01
3.988887295027718216e-01
2.640953230323526135e-01
3.643587570358559624e-01
4.121743355988335411e-01
2.268280491004216748e-01
2.459504413042655491e-01
3.587723051065824786e-01
3.891414096819021395e-01
3.899693931560788696e-01
