-8.420552898641753359e+01
-8.755133823372671031e+01
-8.027077036598942072e+01
-8.094386792929454089e+01
-8.280074935612978493e+01
-8.472001808881034890e+01
-8.349570933565117059e+01
-8.287782623177099595e+01
-8.704550950953998267e+01
-8.440699733096641921e+01
-8.259508232826534879e+01
-8.379022575299580922e+01
-8.437860981282469197e+01
-8.635374766618600972e+01
-8.330918394868066912e+01
-8.248381569500119781e+01
-8.413197002579479999e+01
-8.828871863003345766e+01
-9.092244404324151219e+01
-8.464404963124360393e+01
-8.362865781656523723e+01
-8.469420152952815783e+01
-8.642586478065268807e+01
-8.423514386351621397e+01
-8.248222796679948488e+01
-8.638871307201000604e+01
-8.371793608225323169e+01
-8.356481717294438738e+01
-8.414310663814008251e+01
-8.626121335500351961e+01
