6.051182443581903242e-02
5.441203764720858177e-02
6.450276404484239778e-02
8.657638884781682087e-02
4.109831891934585119e-02
2.092333733971492998e-02
4.914200627094237467e-02
4.318086804224711972e-02
7.183247092397732070e-02
5.047152599614106866e-02
2.846126543371849116e-02
8.441133080481039164e-02
8.397563760516178755e-02
3.499305169611397620e-02
4.467505471132113964e-02
3.270102511418718910e-02
9.388107842402695913e-02
6.466767893304917192e-02
4.311309432389335422e-02
7.211092147818574938e-02
3.363421022632380464e-02
4.021051081021108364e-02
4.502024718182839197e-02
2.908002322780011556e-02
6.679029624882171223e-02
6.110769867495199209e-02
2.563904041066032008e-02
7.147579675938547927e-02
3.105137613968082105e-02
7.073469433927538630e-02
