-5.747982090691739643e+01
-5.793300027812659891e+01
-5.767452438202830223e+01
-5.857287706074558997e+01
-5.807801608991501752e+01
-5.803323318759628080e+01
-5.817800250919509608e+01
-5.811873216996582414e+01
-5.841058031521478000e+01
-5.807837518233510821e+01
-5.826075924637977010e+01
-5.774443364383507316e+01
-5.851997807100580218e+01
-5.815856404180269124e+01
-5.866603947242862205e+01
-5.810307271853129407e+01
-5.799434090154613841e+01
-5.902989509842107907e+01
-5.787906646438240443e+01
-5.771709531142803939e+01
-5.780809131416616964e+01
-5.794038966647595146e+01
-5.739997793111743363e+01
-5.872138338440002769e+01
-5.697749135575500645e+01
-5.820920525309641391e+01
-5.749950491520126405e+01
-5.798319839171668377e+01
-5.819573330866855088e+01
-5.898969561560079455e+01
