6.578458680277305543e-03
6.006096172211271983e-03
6.560374189364085937e-03
5.999792330747136596e-03
6.627447047781266642e-03
6.052056617672917256e-03
6.035323498528888733e-03
5.958028507191848178e-03
6.296193178911909001e-03
5.946924482271957746e-03
6.067240127659512955e-03
6.214921250534744847e-03
6.096357161862857484e-03
5.989992323420617083e-03
6.083560338322702328e-03
5.997478289052308661e-03
5.904152154203755852e-03
6.190747886779232427e-03
5.951808538253282495e-03
6.519377068606292333e-03
5.879063603267083334e-03
6.150592966649803470e-03
6.324680829873086975e-03
5.883327775511137774e-03
6.816979659381180653e-03
6.108261003207798856e-03
5.982657158035519299e-03
5.977046198716380772e-03
6.229054311840638743e-03
6.025530416277705310e-03
