-8.603709023432735137e+01
-8.607277060685159142e+01
-8.604407752709083468e+01
-8.605024369762521985e+01
-8.607220314931763028e+01
-8.605578412444337744e+01
-8.606712744753849620e+01
-8.608071632203817103e+01
-8.605515176836971136e+01
-8.605786880476759393e+01
-8.604473012435482815e+01
-8.604892969072608366e+01
-8.605280142102401442e+01
-8.605971598676006806e+01
-8.607009716478370365e+01
-8.603403138947655293e+01
-8.606666951180370972e+01
-8.605103673944475418e+01
-8.603941880130999209e+01
-8.605187040211012572e+01
-8.606473603157817820e+01
-8.606073385235563933e+01
-8.603820081630945538e+01
-8.605143887143503889e+01
-8.606837432162328128e+01
-8.606843145315303900e+01
-8.604165617750808792e+01
-8.605209277507100296e+01
-8.604868925461954632e+01
-8.605178774769261452e+01
