-8.686978951574982233e+00
-8.685024196640418026e+00
-8.684284938477333071e+00
-8.687016871682867958e+00
-8.683888106943387086e+00
-8.684269233156872048e+00
-8.683605112070324594e+00
-8.683912569752779476e+00
-8.687106964682534738e+00
-8.686722203707523349e+00
-8.685307116529131122e+00
-8.687237700784464778e+00
-8.688015116834941765e+00
-8.686480217675585536e+00
-8.686013624083038565e+00
-8.685558293391011375e+00
-8.682406045993847243e+00
-8.684612711808972207e+00
-8.685104543696731128e+00
-8.689658923641669475e+00
-8.684399062474934539e+00
-8.684466635731535433e+00
-8.684550304297108170e+00
-8.686192328563674181e+00
-8.685889436930173346e+00
-8.683697865682191264e+00
-8.685658654786408306e+00
-8.685232080108374220e+00
-8.687205742018688781e+00
-8.686075435329835059e+00
