4.533085570544485529e-04
5.009449613616682442e-04
4.307912588508564693e-04
4.727188617720036478e-04
4.585325027929006234e-04
4.393422225401628477e-04
5.230379487868130721e-04
5.159760052060371202e-04
5.017873177410837274e-04
4.782056425279532534e-04
5.894968501796359018e-04
7.189941541691823382e-04
5.337174187638291274e-04
4.669820389909447593e-04
6.939239071916596200e-04
6.310712005161656047e-04
4.709571348234626535e-04
5.637834513963260177e-04
4.847744202392414536e-04
4.843671504963271849e-04
4.885989638859628264e-04
7.108946083154699374e-04
4.957684135355515604e-04
5.667405233621786121e-04
5.499794137582089291e-04
4.661502635530925722e-04
4.722452728118214081e-04
4.421562514326696875e-04
6.195720805323523626e-04
4.787317670963731650e-04
