3.803957526609744177e-01
1.187428199078905067e+00
5.116637193941222517e-01
8.591972012067264908e-01
1.159323544670796791e+00
2.407757137251167190e-01
1.550211824890469048e+00
4.528905253970393896e-01
5.636422357446499998e-01
4.368736546627115525e-01
3.825897905395597154e-01
6.275085769282906512e-01
1.115943447003386435e+00
7.142395871433705468e-01
6.043314774646149079e-01
8.453924159738858135e-01
7.855941814061786488e-01
3.511897583781650178e-01
7.395785065899173061e-01
7.683986281402128693e-01
5.359880185406350472e-01
7.650998555464527673e-01
3.201010213276450633e-01
7.292186031279243030e-01
7.165790019785439613e-01
8.704566717663133613e-01
6.853794440240433827e-01
4.112090770155035768e-01
5.427632014934952176e-01
7.351680037548000701e-01
