-8.168652633230176718e+01
-8.565931074381737176e+01
-8.703721746389474845e+01
-8.389800850448979475e+01
-8.909220726211751185e+01
-8.672169121280998638e+01
-8.359412933265979007e+01
-8.364605168787795719e+01
-8.041628069071657592e+01
-8.164160239625086035e+01
-8.133541812078649968e+01
-8.852634091037162989e+01
-8.284310920036172377e+01
-8.076450654069537904e+01
-8.563984304761044086e+01
-8.328599238867809618e+01
-9.249797362678745571e+01
-8.369843841969168352e+01
-7.762809773847970973e+01
-8.921591716072384770e+01
-8.987663063825482368e+01
-8.941571143051545789e+01
-8.650586880145823443e+01
-8.355564825107384763e+01
-8.725360139667367321e+01
-8.762402916118978169e+01
-9.096921943214650241e+01
-8.406685935696610557e+01
-8.553507719838529511e+01
-9.176494763555965051e+01
