1.209979701219639631e-01
1.934033923868971050e-01
1.887235210866968216e-01
1.240881481438819989e-01
5.915651540759919724e-02
6.061777623764839223e-02
5.880171220827852541e-02
9.806885032564492677e-02
1.087832113995924610e-01
6.839687806926604552e-02
1.173067958146692263e-01
1.023717259734863022e-01
9.532422217807176579e-02
2.061269342393441673e-01
9.558782274800896317e-02
1.599876366824539986e-01
6.865533090636309621e-02
7.780833512015634945e-02
6.500571701723358020e-02
5.031468864446812100e-02
7.720146860598459115e-02
7.918907056311316750e-02
2.116856286660145359e-01
9.784969577491185733e-02
1.756208325076195897e-01
9.801330701460728156e-02
6.440334570375415291e-02
9.494185168365719407e-02
7.605578164340623393e-02
1.558052979113765391e-01
