-6.424866224149189975e+01
-6.397934484312843750e+01
-6.314305488262335331e+01
-6.256146651267123104e+01
-6.311298955862167759e+01
-6.281838038528510992e+01
-6.371458390755715584e+01
-6.136761014311816353e+01
-6.355027923932885159e+01
-6.437948578489842077e+01
-6.354957591008373186e+01
-6.411978688331356580e+01
-6.284628640220441298e+01
-6.408765426131478193e+01
-6.290873875607341148e+01
-6.354466938949573773e+01
-6.345338200421637254e+01
-6.275123465938545309e+01
-6.412460529022686728e+01
-6.455305904199511247e+01
-6.413482921141320503e+01
-6.336918135142876451e+01
-6.340625708121582704e+01
-6.333848786716182389e+01
-6.545843074066324618e+01
-6.324021448806581702e+01
-6.410475002924248145e+01
-6.343626048695229258e+01
-6.388092940508036577e+01
-6.385844684599783250e+01
