-8.038649083211987545e+01
-8.085714489961833351e+01
-8.032430633749422100e+01
-8.020148232724996262e+01
-8.118398555965863750e+01
-8.098826985806306311e+01
-8.035407030503016301e+01
-8.083292617076426723e+01
-8.077434447820715491e+01
-8.135375578109153594e+01
-7.994453560576603479e+01
-8.077334755702844404e+01
-8.078020089139432969e+01
-8.033981007012022246e+01
-8.076123049300061041e+01
-8.022184587710626147e+01
-8.093984741661606108e+01
-8.039874471131032863e+01
-8.040633732012338442e+01
-8.043869589758722327e+01
-8.054031336145634157e+01
-8.062901768362939947e+01
-7.967057614255526232e+01
-8.072574113878343383e+01
-8.046415881327058628e+01
-8.034738314775687229e+01
-8.031861745782694584e+01
-8.087908534247171133e+01
-8.094115720801258362e+01
-8.050958856789375773e+01
