9.964347273949669681e-02
7.343076538070010539e-02
1.119810238833419125e-01
5.566541124663351714e-02
5.848776178713933210e-02
1.293473788457331353e-01
7.038587305879440148e-02
9.689471805368195245e-02
8.479035560808148575e-02
1.071902841720287630e-01
1.410484970137457217e-01
8.356598445505263040e-02
6.450440328135038925e-02
5.936600669760672827e-02
1.116302581949554923e-01
1.541592322417510985e-01
7.426203622751115230e-02
6.687115745650781817e-02
3.438400161708655284e-02
6.045831889413772614e-02
3.834105904924883790e-02
8.823663983366382413e-02
1.113605866970755476e-01
1.458000435363593361e-01
7.000358912003969147e-02
1.295271370324049265e-01
6.015004905879010877e-02
1.273679252833891384e-01
5.489565019076302066e-02
5.036529869516786356e-02
