-4.217804072349154865e+01
-4.214669949613146116e+01
-4.219067425344864830e+01
-4.224904907344917859e+01
-4.203350485958240768e+01
-4.210230026090155064e+01
-4.207427439012263903e+01
-4.208319900953692638e+01
-4.209825864447522292e+01
-4.217807230925662765e+01
-4.207545433481507047e+01
-4.209395360797728358e+01
-4.222728929843295020e+01
-4.223294939306710916e+01
-4.217066447003762164e+01
-4.202862785033575221e+01
-4.207246161918185834e+01
-4.210062588127474470e+01
-4.215508860919030099e+01
-4.222373588640824238e+01
-4.220360150327284288e+01
-4.219837115214904344e+01
-4.215272275091545851e+01
-4.210984666469610005e+01
-4.214911513292004486e+01
-4.221776514888972542e+01
-4.210851674394401556e+01
-4.211918469298463208e+01
-4.213593822435225889e+01
-4.210707220679560692e+01
