9.327232805981836364e-03
1.213116224837598039e-02
7.334587268834554495e-03
6.245225088788213842e-03
1.760457494990526339e-02
9.767121957336834942e-03
2.356976917732411456e-02
1.919956586466145185e-02
1.280282650656491307e-02
8.323406186364620124e-03
7.294027874750147120e-03
1.665044674262866967e-02
2.265407398714661472e-02
9.257648660973913021e-03
1.674923642310147121e-02
1.704483117438869780e-02
1.009306876412412526e-02
1.272177780398292025e-02
9.901513132338201836e-03
1.272767546841156901e-02
1.417747026917061566e-02
1.527379535775821168e-02
2.186392635322056618e-02
1.469425162978988189e-02
1.251785337270060715e-02
1.926933577055945854e-02
1.284614130543219185e-02
1.264292784749775599e-02
1.624098285116704760e-02
1.093038607441404637e-02
