-8.749776626894987430e+01
-8.759675706337760914e+01
-8.762349216139968178e+01
-8.755736638423117313e+01
-8.750014578678761268e+01
-8.750745408640351286e+01
-8.769367425596908561e+01
-8.757022951990427373e+01
-8.744894705308706762e+01
-8.761207593538874505e+01
-8.740667673352118072e+01
-8.749889197316142031e+01
-8.753481601830824843e+01
-8.742994896103699887e+01
-8.751236675622217831e+01
-8.742466660343927742e+01
-8.767876957093666590e+01
-8.749039207985485689e+01
-8.740805575293543939e+01
-8.761536751309618865e+01
-8.747622166283375122e+01
-8.757109017524197725e+01
-8.747115322598733655e+01
-8.751620706457350707e+01
-8.759504297377534954e+01
-8.743489343443206963e+01
-8.745577252185339034e+01
-8.746488181679922036e+01
-8.756584860733578068e+01
-8.757610611725614547e+01
