1.333683063437741782e-02
1.437733221137154488e-02
5.175269042577090861e-02
1.327940925148194708e-02
1.365124380070799857e-02
1.599605630251256863e-02
1.881476490574660390e-02
1.116236541795770885e-02
2.085466206960261831e-02
1.207697147560783148e-02
2.310586407476337978e-02
1.761036937700807825e-02
2.571954451211325154e-02
2.202445090722267643e-02
1.600842208883539522e-02
1.063667186860091547e-02
1.265384247017877634e-02
1.175654022309525863e-02
1.775200805838959145e-02
2.388487804108596277e-02
8.061764766880676059e-03
1.113547466223930096e-02
1.382840173530944759e-02
1.123205296324225784e-02
3.945011365326554775e-02
1.026924421244640451e-02
2.459652467564812928e-02
1.571214964151645965e-02
3.242699494037733221e-02
9.230489040639557399e-03
