-2.926002656085465148e+01
-2.926473411173561345e+01
-2.925038608200497947e+01
-2.925984071672043996e+01
-2.925751626308764486e+01
-2.927267043861708373e+01
-2.924992450959896217e+01
-2.926617541058923422e+01
-2.927591049773471354e+01
-2.926109162869204283e+01
-2.926447947995732335e+01
-2.927941565792072254e+01
-2.927806557081415306e+01
-2.926877697735389461e+01
-2.927227894743268877e+01
-2.925193141522527895e+01
-2.928681788384339413e+01
-2.923613312761172978e+01
-2.926180053958759331e+01
-2.928592120554700884e+01
-2.926568457198988682e+01
-2.926555096634354314e+01
-2.925556539624644259e+01
-2.925093140406457337e+01
-2.928042181195117166e+01
-2.925237370702325279e+01
-2.928848457491837465e+01
-2.925407649901302065e+01
-2.930201403427958695e+01
-2.927723853129072751e+01
