3.692174718127173936e-03
2.324791851663608657e-03
3.780795382818236301e-03
4.332493189488200065e-03
2.640310567319315970e-03
2.073510554655037374e-03
1.885268371868463163e-03
2.148666502816729256e-03
3.890641053653863275e-03
1.999988462229621618e-03
3.007228535879489899e-03
1.534800016297401372e-03
1.465531619842668897e-03
2.040204018372680436e-03
1.401383046980962709e-03
4.445914328512478968e-03
3.330422614296551110e-03
3.873913242801309102e-03
1.852851283734926590e-03
2.245669617612888833e-03
3.090633586121982728e-03
2.515086908904833052e-03
2.940849397850329224e-03
2.865479732493772871e-03
3.692156873554500261e-03
2.005158624451088001e-03
2.084748058479268286e-03
3.494971692158679259e-03
3.388276256251428892e-03
1.923955654617395643e-03
