-8.801502925585332093e+01
-8.794145988114161128e+01
-8.806654417322201311e+01
-8.805444662683416368e+01
-8.810235256755277078e+01
-8.821178404977548837e+01
-8.807164379146661304e+01
-8.783570350891494627e+01
-8.802250515321888713e+01
-8.800236794466275114e+01
-8.807836726005398020e+01
-8.812019589667244190e+01
-8.793786278701921333e+01
-8.806407348898797238e+01
-8.802134876726304924e+01
-8.797609308119254479e+01
-8.821415451839826005e+01
-8.812872387409906594e+01
-8.817231022110931349e+01
-8.815408512787972484e+01
-8.798918329710649289e+01
-8.807853442987757830e+01
-8.804333806754085856e+01
-8.801839873485070598e+01
-8.804741898955688839e+01
-8.790627581740734797e+01
-8.792008824015030655e+01
-8.798115251008672999e+01
-8.796561277191560180e+01
-8.801551964160574926e+01
