2.852039871582611949e-02
1.512068937825757076e-02
3.765985541140878107e-02
1.823207295917390891e-02
1.236900855941346078e-02
2.538927818569627903e-02
2.443715825630279198e-02
1.469606309172771623e-02
1.511047047180915856e-02
1.209008711957700738e-02
1.889173194320903360e-02
1.371142480909818238e-02
2.395661198388844212e-02
2.182442779954201287e-02
1.151115770537631394e-02
1.854943786500064945e-02
1.563921526997022124e-02
1.297915940577431572e-02
1.806886883700831517e-02
3.422579661304515908e-02
3.800153735110115699e-02
2.484680310013392956e-02
3.517428568946601164e-02
4.599536681734112814e-02
2.007490789055006719e-02
2.325623900990275716e-02
1.463111005979657320e-02
1.932356709421284569e-02
1.483844515449959933e-02
1.641486583177401495e-02
