3.585141620391355931e-03
2.259026073245649479e-03
2.649727846838202585e-03
2.491276953308688667e-03
6.261197651275979791e-03
3.342117347924880664e-03
1.907567639856224632e-03
3.772482394452854673e-03
1.762129385023028516e-03
2.454591001228169367e-03
4.715271595850238986e-03
2.690529293774888628e-03
2.130797441302231549e-03
4.263984601550883068e-03
1.638436485636700184e-03
5.706514463682293287e-03
3.863636611379254234e-03
1.848545212107376417e-03
4.537590384901717469e-03
2.994543116227134805e-03
3.228907913956021152e-03
2.903073696359731969e-03
3.949749756036003562e-03
1.880482499068953425e-03
3.615024362142419019e-03
2.370598698460311526e-03
3.408508121074591956e-03
2.137654554880278127e-03
2.129824243381760705e-03
2.084154955354867653e-03
