-3.126989766908964086e+01
-3.127795596933988520e+01
-3.125494093352715907e+01
-3.129373333700009141e+01
-3.127937802763015185e+01
-3.128305488338402540e+01
-3.127991912303793498e+01
-3.127086121644686045e+01
-3.130707014818791833e+01
-3.129745762739841908e+01
-3.128781109578887509e+01
-3.129293684458369285e+01
-3.128236959409349538e+01
-3.127840732989079697e+01
-3.129187923268786164e+01
-3.127949624271663964e+01
-3.129182006279009443e+01
-3.128712496511304408e+01
-3.127336983876298859e+01
-3.128221262621085685e+01
-3.131856337668001444e+01
-3.129770207471101173e+01
-3.129893813300539662e+01
-3.126089867201079642e+01
-3.128143329211883739e+01
-3.127024824331864039e+01
-3.127236042620837964e+01
-3.127836294641193504e+01
-3.126084179322328183e+01
-3.128112746725798843e+01
