-8.795670338529433252e+01
-8.797280201071620809e+01
-8.789782268269090082e+01
-8.797017785734669815e+01
-8.793919976945092287e+01
-8.798830394550419953e+01
-8.789972393277032836e+01
-8.788846951887418868e+01
-8.806395100194126258e+01
-8.793747712765684810e+01
-8.802350819766273560e+01
-8.775304978808644307e+01
-8.771162146876248755e+01
-8.798426294993673480e+01
-8.796690802144884458e+01
-8.796435898979389378e+01
-8.799172771356309397e+01
-8.793218424739038142e+01
-8.813326551298240474e+01
-8.789189639387502950e+01
-8.776295623692533354e+01
-8.787765944361468939e+01
-8.798677519406243164e+01
-8.794032262745056983e+01
-8.799772818954484421e+01
-8.792746754976933232e+01
-8.798008695918231581e+01
-8.786036043145296048e+01
-8.790859069726231212e+01
-8.800133687347982914e+01
