1.550163956817711582e-02
1.930835078068183011e-02
1.817909259578361775e-02
9.975540585800468651e-03
7.674580835856237813e-03
1.362298710148497106e-02
1.951000847948092254e-02
1.662892742115412367e-02
2.943004291919461626e-02
1.009882500602122916e-02
1.849390915459577650e-02
1.284669856137947083e-02
1.540822592560443273e-02
9.179506127348255676e-03
9.447596242168829206e-03
9.672796402801775439e-03
1.052282246666478953e-02
1.323980862895622959e-02
8.792548396577967371e-03
1.742750955925440395e-02
1.025313502011104133e-02
2.427765141904435209e-02
1.650867679531901541e-02
1.185227059209305496e-02
9.153376381402135095e-03
8.580732643123395453e-03
1.387099089514548002e-02
2.493270140795749573e-02
1.342695248583675519e-02
8.352590742605669680e-03
