2.318257937391884384e-03
2.470152647713201848e-03
1.793038159256029208e-03
2.270695571505288498e-03
2.499898944867446834e-03
1.883675701003527598e-03
9.827638534924156271e-04
8.824663878120014154e-04
2.056556172635845038e-03
1.581397516989283859e-03
2.802361692568361342e-03
9.600518636804987157e-04
1.427938428708526702e-03
1.058991113224916000e-03
1.700160351254675342e-03
1.410286625527945375e-03
1.424446138209741614e-03
7.193826412152635758e-04
1.322343634425959596e-03
1.925316373543504989e-03
1.756536366903447026e-03
1.539616689051930259e-03
1.010736403126624890e-03
1.577084388338562994e-03
1.235002234722208268e-03
9.589763620102491988e-04
1.998443508376865699e-03
2.846269310479046348e-03
1.805037763731738012e-03
2.525490257029522692e-03
