-2.526135760525564677e+01
-2.525511058186201296e+01
-2.525067903490374732e+01
-2.523222560264914449e+01
-2.525146208343765863e+01
-2.523592098877637468e+01
-2.525697473437700324e+01
-2.525034365941369074e+01
-2.524855781386720466e+01
-2.524766257965009686e+01
-2.524108125654561974e+01
-2.526348564345754255e+01
-2.524216082035126263e+01
-2.524236468915971443e+01
-2.523980251148763188e+01
-2.524544953248298995e+01
-2.523721768172336866e+01
-2.524380940048220978e+01
-2.523991551498488306e+01
-2.524170432138728870e+01
-2.524922814079176447e+01
-2.525499989895300246e+01
-2.523286490353406819e+01
-2.524871820540575840e+01
-2.522906512787604072e+01
-2.526190981525362034e+01
-2.526398930654909236e+01
-2.525531935391589755e+01
-2.524524998367858331e+01
-2.525202227511410769e+01
