1.886497556001252851e-01
1.634883445503440835e-01
2.460584234917385926e-01
1.492783113363561343e-01
1.492656520615011917e-01
1.983187726521119243e-01
4.102100904133763049e-01
3.031586707003940395e-01
2.303822472128436438e-01
1.850514987507967946e-01
2.282042271839814507e-01
1.659586779652463817e-01
3.422697884626083042e-01
1.476870090849853323e-01
1.141616660459549987e-01
2.083860641768137123e-01
1.817246564274440368e-01
1.680694328383136316e-01
1.488717680797632947e-01
1.447664908693586938e-01
2.734709661130371172e-01
9.464190040247311142e-02
1.811958246171763709e-01
2.463805769573693960e-01
2.151490388671009057e-01
1.264089349210966162e-01
1.011473160735011811e+00
2.572126383483542278e-01
1.118829823385849437e-01
1.881660601689831847e-01
