-8.288607623210644704e+01
-8.070574924849890408e+01
-7.979423716876391381e+01
-8.075009207691947211e+01
-7.997887095670020585e+01
-8.073992409447008356e+01
-8.194764086176132878e+01
-8.011058324438809564e+01
-8.230441223560532649e+01
-8.440184949514157609e+01
-8.400007968725606133e+01
-8.145767047163633379e+01
-8.091665752318002092e+01
-8.241993995633467307e+01
-8.181761956714086637e+01
-8.037234628389489899e+01
-8.340579590496309947e+01
-8.083533708783613747e+01
-8.010393831027964495e+01
-8.216948516927836010e+01
-8.394194456781768565e+01
-7.920584258673096656e+01
-8.195906831615965871e+01
-8.006505214202294951e+01
-8.097891496759740448e+01
-8.302103221535631405e+01
-8.187052599250893081e+01
-8.329276665236108101e+01
-8.362444545301343624e+01
-8.151114370215259441e+01
