-5.301968729567641958e+01
-5.288785983149555392e+01
-5.336526706793961949e+01
-5.328706071619839690e+01
-5.343488403736327541e+01
-5.272729940204192900e+01
-5.304334840590646394e+01
-5.347273343120001243e+01
-5.308337629377463429e+01
-5.169156453756959735e+01
-5.135958524313272022e+01
-5.257913164480792290e+01
-5.306976183711443440e+01
-5.277164274121161469e+01
-5.312638418731669532e+01
-5.273990081623784221e+01
-5.252021430352867526e+01
-5.155473765052258983e+01
-5.281163691702597873e+01
-5.306814160182607054e+01
-5.326250846431041452e+01
-5.295392399036069975e+01
-5.292083006991506977e+01
-5.271152368941012867e+01
-5.302053097745819343e+01
-5.282337080944310514e+01
-5.273553571173025745e+01
-5.305317164505959937e+01
-5.285662436121400276e+01
-5.310589905661211674e+01
