3.673067007529598471e-02
5.337429528745405577e-02
2.558765918854163240e-02
6.089024004470037360e-02
5.924521679453293582e-02
1.457617457584548144e-02
3.664822385281032296e-02
3.894175592301504785e-02
2.766460650900190790e-02
4.740040257202794011e-02
1.896490711642480689e-02
1.662846570126041632e-02
3.479218140853329588e-02
4.199000139286725164e-02
4.205218626093671502e-02
3.144857034671930812e-02
2.929120947708770129e-02
4.058587826034958795e-02
4.550735421513575629e-02
4.417343331977166554e-02
2.930550929570677199e-02
3.049881141912730298e-02
3.764400915934765224e-02
4.531945281104213935e-02
5.350175695494058942e-02
5.461437070069367211e-02
4.948834862409876717e-02
7.654228684690485285e-02
4.662290202077064294e-02
2.938032088453169238e-02
