2.677326983590569767e-02
1.084988447338142668e-02
1.187212125897368561e-02
2.698218736927304393e-02
1.297165660071327234e-02
1.921457522134666085e-02
9.155619014671300890e-03
1.681294129668645110e-02
2.628128461210671105e-02
1.034641502504561605e-02
2.191147124418240180e-02
1.288334176792741217e-02
1.125140793712273504e-02
1.823970126841475622e-02
1.753115893858277208e-02
4.047078395891367392e-02
3.287485801072152075e-02
2.085395935838672485e-02
2.396705246022718880e-02
1.707451448861125459e-02
1.028465228444745694e-02
1.540219298063014684e-02
3.041742935015761748e-02
2.178201405800794452e-02
2.112722470504205599e-02
1.012180630428591646e-02
3.083131923792691020e-02
1.500468590684725205e-02
1.984646946403380297e-02
1.856501884585922899e-02
