-8.753160296093122383e+01
-8.766861938835018009e+01
-8.764983654890542653e+01
-8.760798434144852820e+01
-8.762533794426892086e+01
-8.772212407594969363e+01
-8.760120059845679918e+01
-8.770552323038481290e+01
-8.759928070837528935e+01
-8.767048027305716573e+01
-8.761023872765019860e+01
-8.770596811355557065e+01
-8.787140428855377650e+01
-8.765055144431724443e+01
-8.772040257800085783e+01
-8.771773469972880832e+01
-8.757247815897424914e+01
-8.763569389006038080e+01
-8.773309825220786706e+01
-8.755349484555476636e+01
-8.749319936092331318e+01
-8.766137639544004401e+01
-8.767032155532925231e+01
-8.759577312185788855e+01
-8.739300297125072348e+01
-8.756213405302445096e+01
-8.755955611334752575e+01
-8.760325250394345176e+01
-8.762120148610833326e+01
-8.758434908476061764e+01
