3.757807499894430265e-03
1.976959733700451010e-03
4.543415187254811784e-03
1.680833020436269063e-03
2.643388204315364094e-03
3.911648903228393329e-03
1.664256558561941516e-03
2.899457974162249815e-03
2.980588464211270713e-03
1.770039243430529801e-03
2.148527815484298914e-03
3.792640450665827473e-03
3.273631132564343120e-03
5.969278568395791976e-03
2.655172592769892547e-03
3.691628457792335040e-03
2.370317369043628900e-02
1.348183861146211825e-03
2.804241591484398638e-03
3.083552474817080006e-03
1.925897494131125756e-03
4.670537836338425376e-03
2.667634939019373434e-03
3.346869039647786068e-03
2.711589741484964500e-03
3.359145748571149091e-03
2.057965811240168499e-03
2.450748409049634431e-03
1.884089182758205304e-03
4.059774815826937625e-03
