-3.020934688352748054e+01
-3.021581863525469558e+01
-3.019617936255765400e+01
-3.019205750904034957e+01
-3.019186053896654087e+01
-3.021417730449547889e+01
-3.020554409479699842e+01
-3.021389935460252474e+01
-3.021229531819015079e+01
-3.017389375407196184e+01
-3.020175677925189817e+01
-3.020109292301729553e+01
-3.018509079792937300e+01
-3.020344246202191485e+01
-3.021136123942149609e+01
-3.017917429739885193e+01
-3.019264452238131113e+01
-3.021535671388956956e+01
-3.020280128273791220e+01
-3.018566963818377502e+01
-3.016606954334579171e+01
-3.020246967210799127e+01
-3.019436075011975262e+01
-3.020409272248902965e+01
-3.021434190028484323e+01
-3.021799369943703084e+01
-3.020172070672640174e+01
-3.019856854288092052e+01
-3.021949458027281565e+01
-3.021119479230459604e+01
