-8.314041976470977602e+01
-8.579363108635971003e+01
-8.228730722737819292e+01
-8.475076595651009370e+01
-8.415733272680085975e+01
-8.753426274731111789e+01
-8.875454808844961008e+01
-8.445754721877679572e+01
-8.632267171085511848e+01
-8.108922912484445078e+01
-8.695055872944408293e+01
-8.432478140836133207e+01
-8.704232759671330655e+01
-8.463783098337054867e+01
-8.700144977019117221e+01
-8.668659685286348804e+01
-8.371626165178280132e+01
-8.460491124789894002e+01
-8.143282099852478950e+01
-8.747985697485788137e+01
-8.436390997551382043e+01
-8.237506166115949213e+01
-8.361894232638491076e+01
-8.550069263368681050e+01
-8.843667140440203411e+01
-8.620239170071887713e+01
-8.219034673762212151e+01
-8.316825446046995296e+01
-9.134011009051167207e+01
-8.751825935057165395e+01
