5.940704940411936086e-01
5.143134521014973704e-01
8.266456172461903451e-01
6.110988949552371707e-01
9.172441494949589158e-01
6.649052244227716679e-01
4.299944185870126501e-01
4.452093261121817802e-01
4.175047255920208977e-01
7.093675306773482570e-01
6.375969085073743825e-01
8.215935938904349589e-01
3.706745055450125781e-01
4.383909631986395716e-01
2.447101061517583109e-01
5.157134281287503175e-01
6.091409092326774966e-01
4.908781490569265049e-01
5.169392748195272835e-01
6.017201127341736955e-01
3.759896362067470243e-01
4.095805974686526074e-01
5.200330112748393629e-01
6.613040273072942066e-01
2.527812075295698402e-01
5.117553797710518992e-01
4.724212306931661609e-01
4.990250139109932426e-01
9.472627014463012030e-01
1.209417765313856474e+00
