-6.231294458426391714e+01
-6.285531460789184877e+01
-6.233813812366055629e+01
-6.294921842479896412e+01
-6.201143774005214482e+01
-5.948870758906993217e+01
-6.169402297561659765e+01
-6.207321571990260622e+01
-6.299501356649462025e+01
-6.198656126999492244e+01
-6.163644846186871007e+01
-6.265218436915387912e+01
-6.154286451877662500e+01
-6.285057373728547958e+01
-6.225976428245930805e+01
-6.181520394710641142e+01
-6.270401292717929209e+01
-6.162848819042449122e+01
-6.284073243984830981e+01
-6.116848543396143612e+01
-6.273352229473157138e+01
-6.219735896290337962e+01
-6.221377626981284692e+01
-6.169814084797250331e+01
-6.253097969504368336e+01
-6.210013145208537821e+01
-6.192299681516320931e+01
-6.265221675242616328e+01
-6.293418584127086035e+01
-6.288109550613127396e+01
