9.636383478852754425e-02
6.772241166251589950e-02
7.449284410474833751e-02
9.079232920808770479e-02
7.543358810366561362e-02
1.114916153763822054e-01
9.630750103658981820e-02
1.109833857283929609e-01
1.558341705604646410e-01
6.965747905243606375e-02
1.577510598843863687e-01
1.172565734515517710e-01
1.129784301306980959e-01
6.869971826542158044e-02
5.334554766633970574e-02
1.273295740038513091e-01
6.375892412990037672e-02
1.136380531670302813e-01
1.484166072871147823e-01
9.519636898509882539e-02
7.241089810710032992e-02
6.613551662105572604e-02
5.779208084147852836e-02
1.015976424553679258e-01
9.314436865689240674e-02
1.047328577074046890e-01
6.826725760455262804e-02
4.661080100613446131e-02
9.846238673757466697e-02
2.047853064868281059e-01
