-8.743003150347355756e+01
-8.756500805840657620e+01
-8.748391949522086009e+01
-8.751632267278506561e+01
-8.742565103802360227e+01
-8.749117501353721593e+01
-8.749534838284404259e+01
-8.749592115420055904e+01
-8.748985383106767699e+01
-8.753786465443377551e+01
-8.751402085454114399e+01
-8.753272394711615334e+01
-8.757014044227008753e+01
-8.750031584959059217e+01
-8.753234522015293351e+01
-8.751384871804960142e+01
-8.752648853857022004e+01
-8.747588111678392409e+01
-8.749437519367505445e+01
-8.757433102066448782e+01
-8.750551347979350680e+01
-8.755591019420097609e+01
-8.748348483415014698e+01
-8.750769273633497392e+01
-8.743413394530739424e+01
-8.744439594579219488e+01
-8.758646153342242258e+01
-8.752665303683582465e+01
-8.752731918656888865e+01
-8.743259919945130321e+01
