7.411799562825071436e-03
9.056487309612584052e-03
7.431068273084305044e-03
1.068229737690351566e-02
1.472173754810634366e-02
1.152225016898374664e-02
8.540631365353365534e-03
8.830241404172605932e-03
1.033227440538588698e-02
8.088502838702773048e-03
1.096674169733402766e-02
2.320865485656036648e-02
8.427593183624312520e-03
1.344144517297035657e-02
1.030242083231754958e-02
9.575171942934482608e-03
1.310450308658989323e-02
8.174470554977037937e-03
1.272136492797588600e-02
1.295582613857657744e-02
9.180891813310941216e-03
1.156868235751191097e-02
1.055697446593919890e-02
9.285744640548557194e-03
1.594949529407379413e-02
1.586442694631561706e-02
8.296011647453943594e-03
1.049064817633463265e-02
1.288140483631576745e-02
9.392690286700840566e-03
