-2.317940795282964928e+01
-2.316965030338011644e+01
-2.317377219760810547e+01
-2.318307408657751978e+01
-2.316753427939325150e+01
-2.316968863892135744e+01
-2.317478591893145179e+01
-2.317129511529986985e+01
-2.316897654291254582e+01
-2.316596552815634524e+01
-2.316950012403084358e+01
-2.316790773134887971e+01
-2.317798073463248443e+01
-2.317379609698920717e+01
-2.316472628926706889e+01
-2.316946373133190917e+01
-2.316737512799963739e+01
-2.317781777868706072e+01
-2.317201487289337791e+01
-2.316269106946153755e+01
-2.317229709255441605e+01
-2.317732936053151604e+01
-2.316897083323491557e+01
-2.316052365058733287e+01
-2.316732405373210923e+01
-2.317526241973730095e+01
-2.316746670451749779e+01
-2.317072184447069105e+01
-2.316814515652436768e+01
-2.317493064932905611e+01
