2.453509967127276252e-03
1.571698999802991110e-03
1.141168345447554590e-03
1.814482557032431106e-03
8.026348918094894152e-04
9.824522570872553252e-04
1.601876760322557209e-03
3.769778199779845983e-03
2.539107588094662894e-03
1.191041878597561563e-03
1.163270622298216098e-03
8.818374106134346455e-04
1.072596903150600843e-03
6.868173278780369435e-04
2.495526571580957125e-03
3.080608013096962187e-03
1.644493040615920909e-03
1.046351541233873743e-03
8.849026198314492069e-04
1.126715491839566608e-03
1.095298426411715157e-03
3.136096652198343184e-03
1.889169193919501555e-03
1.441293370607366151e-03
1.408358070952115890e-03
8.035051703940196801e-04
9.814673110534093484e-04
1.505581471127814038e-03
1.795766219137268733e-03
1.361226621499622268e-03
