1.985987392004158816e-02
6.504626906938808240e-02
6.597316831623899203e-02
3.223213314215492287e-02
3.816539243126920722e-02
4.313314560498400507e-02
6.965765377670010694e-02
3.218578286600973920e-02
5.280599888076274728e-02
4.281688230620149527e-02
2.646125009835233188e-02
6.937832438391661194e-02
6.892360254427244703e-02
6.155250355430930825e-02
8.744494663100892129e-02
6.044074427046602915e-02
3.377732526411203473e-02
2.201349346072284038e-02
3.609476514741980641e-02
3.883396368534777765e-02
3.946503941320432529e-02
4.646979449389053440e-02
2.679769168365224788e-02
2.435668974842578396e-02
3.079844074068128351e-02
3.846794346938613857e-02
3.701229551397206691e-02
3.611671929204188919e-02
2.890455579019446386e-02
5.869728922244770580e-02
