-8.810214338685177893e+01
-8.824955113482388924e+01
-8.806802867632556797e+01
-8.837268219153446580e+01
-8.808277668760806023e+01
-8.828939380941778836e+01
-8.824372259650226624e+01
-8.803906206158956138e+01
-8.805142406124133458e+01
-8.816450754145981250e+01
-8.821982568863620600e+01
-8.819707985417994678e+01
-8.799967587325269847e+01
-8.798072184742727586e+01
-8.815958176612092245e+01
-8.769648012173001916e+01
-8.776688141683202105e+01
-8.811630059695120565e+01
-8.839029906264809711e+01
-8.838438206308322265e+01
-8.791333870655162741e+01
-8.833464867425892919e+01
-8.789465815592862441e+01
-8.795228130460721161e+01
-8.848985186374406453e+01
-8.837837107956531213e+01
-8.790596141826529220e+01
-8.780006271547446772e+01
-8.829707103924199885e+01
-8.802001881882418388e+01
