-3.515277933206230898e+01
-3.512660764883397491e+01
-3.513263452746864601e+01
-3.514467604359944630e+01
-3.512534860638157852e+01
-3.516026063916518041e+01
-3.515602608440178045e+01
-3.510948847663457428e+01
-3.517277827570097770e+01
-3.507001551307055820e+01
-3.513158321773364889e+01
-3.512907674189642648e+01
-3.515595285973537898e+01
-3.515763928401710814e+01
-3.515607017218457031e+01
-3.519319949916055634e+01
-3.512195903410861320e+01
-3.514580051646717607e+01
-3.518506132951919341e+01
-3.515662630632786545e+01
-3.511466954046709787e+01
-3.516047923625411897e+01
-3.518817345423872212e+01
-3.516016583731146028e+01
-3.515993428188198777e+01
-3.513621540507055130e+01
-3.508594242650549688e+01
-3.513994945501816858e+01
-3.517092839561101414e+01
-3.513417455905594977e+01
