6.301591405193491223e-03
2.539771785263272939e-03
3.710596379409674718e-03
6.988754073360714004e-03
4.605654903522928174e-03
3.573072486953507518e-03
4.047582579595316275e-03
4.278965121098312827e-03
4.976455681742301788e-03
2.278538768914140783e-03
1.020538089079693796e-02
8.091564305289273770e-03
3.315476147996438815e-03
3.043901184300701768e-03
4.386002524140287552e-03
7.118914458709396480e-03
6.618929741449518928e-03
5.337874466075742501e-03
3.211526611513542198e-03
7.129305594911991041e-03
7.163287718847090313e-03
2.352540973140838064e-03
4.820611377691906216e-03
3.491062568527196746e-03
4.256246466616982020e-03
9.277669366418390962e-03
3.187357129005446554e-03
3.190168042650208622e-03
5.238734029208317287e-03
7.724849625048469358e-03
