1.269071538374112185e-01
5.043721893210898616e-02
7.941223376104959708e-02
2.489159766404148641e-02
4.525696138552342401e-02
5.942415782955191850e-02
4.001500888178421977e-02
1.079836895883840020e-01
7.421159870419910543e-02
5.983679451148045392e-02
7.535953971475818636e-02
5.182685471273519584e-02
4.334104592780579218e-02
4.981054767610978290e-02
8.668249226000676599e-02
4.520948990609409412e-02
4.040515757572448602e-02
5.971621588305740802e-02
7.162265487522596896e-02
7.947970144004276594e-02
1.405285637653887199e-01
4.356018268422509609e-02
5.864635632717182800e-02
5.157191548237688439e-02
1.160979514341938662e-01
2.848392446800031633e-02
6.823633864144156014e-02
5.764669202769344414e-02
3.202015867665808369e-02
3.450914947077660111e-02
