-8.280770366306282426e+01
-8.363529120844775377e+01
-8.383514198604318324e+01
-8.387210462281663581e+01
-8.282294785257266767e+01
-8.375197037383192367e+01
-8.357261853625679748e+01
-8.394157043621913772e+01
-8.380184614279430377e+01
-8.429346816270924592e+01
-8.362922312062318042e+01
-8.336033813723526009e+01
-8.343685938174969863e+01
-8.362497359986421941e+01
-8.289679431535381582e+01
-8.280657288648336589e+01
-8.358188576955564031e+01
-8.283528867174436527e+01
-8.321122062214286075e+01
-8.398475423298596354e+01
-8.337728599582986533e+01
-8.332103212893127875e+01
-8.256111449483614706e+01
-8.326962274690481536e+01
-8.333211930911427601e+01
-8.324160566060862720e+01
-8.355760284175889296e+01
-8.318102286577465065e+01
-8.331915141805339431e+01
-8.312082208477923473e+01
