-3.992773012599118232e+01
-3.990584456523652079e+01
-3.992623613024329643e+01
-3.994626980348670031e+01
-3.981344436635296802e+01
-3.984738273739181125e+01
-3.993400856630761098e+01
-3.997372483840995017e+01
-3.982855230748625530e+01
-3.999301329770425184e+01
-3.986537379420465754e+01
-3.981947329206782626e+01
-3.987645612995802225e+01
-3.984535209713803283e+01
-3.980793941223684840e+01
-3.986680098253212634e+01
-3.990356464549687132e+01
-3.995445388772731121e+01
-3.988756426984113546e+01
-3.992352950350229435e+01
-3.992647924762269440e+01
-3.986089823530470966e+01
-3.995045349175056515e+01
-3.983657899790265589e+01
-3.991381057153901679e+01
-3.992228980143045902e+01
-3.989120919694917689e+01
-3.995683493638475170e+01
-3.993955006780448969e+01
-3.987294502846683031e+01
