9.630119861193376513e-03
1.725874610413118473e-02
9.670968901919825556e-03
1.222810906000073097e-02
6.549686172236847057e-03
1.384586014386179897e-02
8.052928898022242502e-03
1.502220837069038507e-02
6.059454635147478591e-03
1.225700230985746902e-02
1.549422570042987245e-02
1.344883225671333025e-02
1.589743657718719824e-02
1.268598549932517180e-02
1.250866381455509845e-02
1.047261348759091423e-02
5.319954007533293436e-03
6.534171782132313852e-03
1.846205243486111550e-02
1.785813466912838585e-02
1.198824810858190731e-02
3.968693963042137923e-03
9.501530858035827504e-03
5.182989570523410458e-03
1.011273178965489683e-02
5.877350897832010063e-03
6.477926829364949284e-03
1.108103608151102780e-02
5.960272350690047280e-03
2.521295512243502610e-02
