7.367950672061508721e-03
6.245863210892046817e-03
7.122106365528749206e-03
1.020753076658381144e-02
7.264055893799661184e-03
8.784393785444719396e-03
6.310769330924886379e-03
6.710934118107236661e-03
7.710546280656146306e-03
6.833364866769791983e-03
6.928814182936191522e-03
7.906819248341466141e-03
6.895151363654864439e-03
7.688689731059504887e-03
6.198621295614791839e-03
6.884711622081319572e-03
9.468780667883782559e-03
1.166614398424924148e-02
7.361142456377546203e-03
6.085724122363356248e-03
7.238725256750227523e-03
7.040217313912223128e-03
6.269568499286095643e-03
7.016873138596065040e-03
7.680373774550186897e-03
7.591296283715110414e-03
6.305657630759364113e-03
6.501525093308186017e-03
1.053560538923883905e-02
6.195939708374331549e-03
