-8.625423462045759493e+01
-8.618951735362175270e+01
-8.624175311468296456e+01
-8.620936909288823813e+01
-8.626647232140680899e+01
-8.624640831934016205e+01
-8.624885721512862347e+01
-8.623399464203943410e+01
-8.622365894519899143e+01
-8.622553521222519635e+01
-8.627216611423946802e+01
-8.624030641001249364e+01
-8.624323952995550258e+01
-8.625159877927904972e+01
-8.623907136889675940e+01
-8.622802010440477716e+01
-8.621529996444471067e+01
-8.625004466147348126e+01
-8.625760633704109637e+01
-8.624692706678906973e+01
-8.617079829294667093e+01
-8.624976900257837542e+01
-8.625441463942038922e+01
-8.618495678454451081e+01
-8.626436520675332531e+01
-8.622962212057558418e+01
-8.624564760247706374e+01
-8.622126735234522243e+01
-8.623125316879509228e+01
-8.628514024979480723e+01
