-1.698876533332065009e+01
-1.699040986208837722e+01
-1.698763301921761126e+01
-1.699308691759313206e+01
-1.698603690338048722e+01
-1.699293573493291376e+01
-1.699342971225150478e+01
-1.698883648612848773e+01
-1.698566693145109241e+01
-1.699159454214862564e+01
-1.699138376322739674e+01
-1.699379611008053814e+01
-1.698740267121758052e+01
-1.698751295365737946e+01
-1.699103211181394713e+01
-1.698958087838416731e+01
-1.698984584969105782e+01
-1.698665360803391877e+01
-1.699217721343654830e+01
-1.698627659303790693e+01
-1.699105649262925866e+01
-1.699509332396171502e+01
-1.699587544976401432e+01
-1.698940251613544206e+01
-1.699843465080423499e+01
-1.699284467461071557e+01
-1.699251827196514242e+01
-1.698947977748863636e+01
-1.698918370914324072e+01
-1.699185867568321129e+01
