7.574850865155594894e-04
1.032065664672753881e-03
1.595284864404517998e-03
5.277049163159593494e-04
1.314840099978265313e-03
7.814334156742848122e-04
8.853111765980639257e-04
8.788819862115908842e-04
7.510449520838704835e-04
9.942982656167486614e-04
9.119318854442661328e-04
5.443127784060346457e-04
5.430709293661504329e-04
6.803427598737641843e-04
8.022005853098955865e-04
1.357787224344541698e-03
7.220281608082377038e-04
8.652514500350233940e-04
7.708226254264943398e-04
6.608972207674888421e-04
5.072011392789107630e-04
7.451718673016733893e-04
5.485281609465546444e-04
5.474563193204597068e-04
7.847731982981119830e-04
4.751042930077553302e-04
1.113729373036505266e-03
5.069242257287123743e-04
9.622519664725901227e-04
6.963566485569752402e-04
