9.523268552498967421e-02
2.695036302097219560e-01
3.411524959313900207e-01
2.345743081211320580e-01
3.208489859534590649e-01
2.323765400004801362e-01
1.727812429000269434e-01
1.558135772951729503e-01
1.235311676351747157e-01
3.972963027813645742e-01
1.662875215142922136e-01
2.268957666848970545e-01
1.682057324499728890e-01
2.843358994589312294e-01
1.069608258698987735e-01
9.817676174233856690e-02
1.670549555649892548e-01
4.588472889957363465e-01
1.208934795765004150e-01
1.623789943873099884e-01
2.162696408364312706e-01
1.029647815229797619e-01
1.779312099585373397e-01
2.612914246678316732e-01
3.331743808265073548e-01
2.090803910095829499e-01
1.390007114487447071e-01
4.179855225621788017e-01
2.401368436100136117e-01
1.243382053308953600e-01
