-8.044941240769821889e+01
-8.183481247343607379e+01
-8.214988820651893775e+01
-8.351490876291030929e+01
-8.122340037577495764e+01
-7.996854830049575469e+01
-8.131691533074739198e+01
-8.070743455447092174e+01
-8.040642197417074044e+01
-7.987001240401836810e+01
-8.064364355248716265e+01
-8.098014360153902658e+01
-8.164989633925851820e+01
-8.062182979402956562e+01
-8.066500492315793736e+01
-8.128846256069620324e+01
-7.991477389197980585e+01
-7.986099853130259874e+01
-8.015745674714774793e+01
-8.222822286482130494e+01
-8.169485794786299948e+01
-8.246470804958495648e+01
-7.975342720010617370e+01
-8.075529497441877425e+01
-8.113602754560113794e+01
-7.918995108316590859e+01
-8.302619957698618691e+01
-8.081562991274881824e+01
-7.923286643892220127e+01
-8.138150246408662269e+01
