9.640251359201099102e-02
4.311796202695840352e-02
4.493032182917774259e-02
3.966523948796647075e-02
4.009408286112396691e-02
2.279422662293936752e-02
1.807286346449040945e-02
3.030841964213890419e-02
5.387105172042820633e-02
3.124282410022371365e-02
2.924176608367480903e-02
3.099821029441274939e-02
9.519636084695430600e-02
6.236954258821862662e-02
3.520831077104633750e-02
2.874119374956380507e-02
1.569814728529333320e-02
4.518119377317514340e-02
5.199837792574434764e-02
3.029909173344122464e-02
3.023554914893791801e-02
5.440717348476969972e-02
4.979538539662103219e-02
7.249451916756838310e-02
2.387832680188975432e-02
2.448740742343235091e-02
3.589779189906099066e-02
5.757192863102766206e-02
3.183299004467053661e-02
1.332083868741263874e-02
