-5.180109398424941247e+01
-5.181180586242383868e+01
-5.180731361174880334e+01
-5.187273145956596920e+01
-5.166682039149721106e+01
-5.131406200544769547e+01
-5.184503618229921074e+01
-5.176421134592231255e+01
-5.143507240773438838e+01
-5.155946096311962634e+01
-5.202040772015008940e+01
-5.200410802758454309e+01
-5.165201201430728162e+01
-5.183429908408457720e+01
-5.206575752483873032e+01
-5.196246088402743624e+01
-5.185829256896624884e+01
-5.164165003063560988e+01
-5.129375050890011778e+01
-5.161804434954542842e+01
-5.176077281917036288e+01
-5.121621346178591239e+01
-5.169891794621740644e+01
-5.190404076879938344e+01
-5.172798750667510603e+01
-5.208392553033404226e+01
-5.185224221916273990e+01
-5.160208423604180439e+01
-5.183608047876879255e+01
-5.183302983769846151e+01
