7.042356947423425786e-03
3.083765343585725266e-02
7.524274220213120375e-03
1.003102272287739391e-02
7.656254064937281605e-03
9.772429270629491918e-03
8.929383033780368198e-03
7.776210940376769055e-03
9.193339889884572305e-03
7.527095756002420528e-03
8.799222010630764271e-03
8.109401032664753303e-03
7.733359940226880273e-03
7.188497635597656393e-03
8.132697646909050129e-03
8.303920296379765573e-03
1.072104395985198563e-02
7.881310616316319906e-03
6.891916600063093500e-03
8.086650202399223164e-03
8.545446046248846711e-03
7.225934415490721519e-03
7.667284026714263519e-03
8.747784517827573991e-03
8.658416288644825431e-03
9.876438585944015067e-03
8.624311835522554745e-03
1.019444471132997972e-02
1.951522388004766836e-02
6.678306806803277137e-03
