-8.613449265168982549e+01
-8.613173881367642082e+01
-8.614782312348251025e+01
-8.610666507331029607e+01
-8.614545935675241140e+01
-8.616039664690759992e+01
-8.610414079467588522e+01
-8.614855581819062991e+01
-8.614225402054817948e+01
-8.617960521102540383e+01
-8.613946629126419907e+01
-8.611950083355949914e+01
-8.613752239433853219e+01
-8.615625876834438657e+01
-8.614698723616265852e+01
-8.617125527216096259e+01
-8.614593217309150930e+01
-8.615093593613164558e+01
-8.617792900210365303e+01
-8.610258410055705269e+01
-8.614984589558275729e+01
-8.616802251198464546e+01
-8.614217594343227802e+01
-8.614573462082644539e+01
-8.612130853547304810e+01
-8.614389417055701870e+01
-8.613039178705797383e+01
-8.616334063580444536e+01
-8.609001621694707751e+01
-8.615999426888296853e+01
