7.624900543012449235e-04
1.602737431215440871e-03
8.104476707969831195e-04
7.334586299385817496e-04
7.999895048329055958e-04
9.222049598026564425e-04
6.548381462563701138e-04
8.066131828702652329e-04
1.064096041621801977e-03
1.226833148614521604e-03
8.290807692451419202e-04
1.024682187274590000e-03
1.625116931778413992e-03
1.183876195174835434e-03
1.519207870441517758e-03
9.688381966666836671e-04
5.518771694400302456e-04
1.271451765846893763e-03
2.575394652677641914e-03
6.968385353419120475e-04
9.472871562820963124e-04
1.170663340919989243e-03
7.902685886033196253e-04
9.020688656010095001e-04
1.840495458570638211e-03
1.025173737091910177e-03
1.209171485252779786e-03
5.791019972130104611e-04
1.918219140944625633e-03
6.661333365136975094e-04
