-1.904961385329857748e+01
-1.905539693415625635e+01
-1.905109353165150665e+01
-1.905189655341943222e+01
-1.905263827978194513e+01
-1.906927209160732062e+01
-1.905335138183573207e+01
-1.906019176641886048e+01
-1.905442647880247620e+01
-1.905247892354142891e+01
-1.904995574446589046e+01
-1.905497908673575580e+01
-1.905348475022559640e+01
-1.905837583600305152e+01
-1.905884362299685719e+01
-1.905263981268232953e+01
-1.906167176752762416e+01
-1.905895963287105488e+01
-1.905507008642466005e+01
-1.905524817266554294e+01
-1.905753479549161966e+01
-1.905319488241088166e+01
-1.905605572243429791e+01
-1.906225617888016188e+01
-1.904578487368132400e+01
-1.906448133023558000e+01
-1.906852164110098613e+01
-1.905287916346120625e+01
-1.905722006746475827e+01
-1.905488589350184014e+01
