-8.669551604533114642e+01
-8.666906817001500940e+01
-8.669681153532805240e+01
-8.666416878929942413e+01
-8.669508395802886014e+01
-8.669984582698867825e+01
-8.669039756956775022e+01
-8.669831049370904452e+01
-8.668137729298753413e+01
-8.667918130213220707e+01
-8.669340555200983545e+01
-8.670120769309008324e+01
-8.669572712229449962e+01
-8.666799651798109494e+01
-8.668610584531975860e+01
-8.669143515620405083e+01
-8.666402455272762495e+01
-8.666862009985857185e+01
-8.669254146056053401e+01
-8.669430081327537607e+01
-8.666914927718963213e+01
-8.668571643895596424e+01
-8.668454263769820045e+01
-8.669674727641773870e+01
-8.670558796292337433e+01
-8.668872063783254589e+01
-8.669134637185921122e+01
-8.670480021917116176e+01
-8.668455687992013736e+01
-8.668132899611667597e+01
