6.494516766774653845e-03
5.904838961968683457e-03
6.010235160353806678e-03
6.456283294259004477e-03
6.375141336727065469e-03
6.170514430915249871e-03
5.860983483018277450e-03
6.303433656429628315e-03
6.415405992709842173e-03
6.339556879329600984e-03
5.967699485499267445e-03
6.253377774199545686e-03
7.496173442072627709e-03
6.058055698639777664e-03
6.701693475505724092e-03
1.780022548182477043e-02
6.055880616511949595e-03
6.153084582183386206e-03
6.777577876019446126e-03
6.229753731954076543e-03
6.465249858730585074e-03
6.047397715782898593e-03
6.454605788683584998e-03
5.984535599481302301e-03
6.178173960935882426e-03
6.694510946924191706e-03
6.358988360992426370e-03
7.852968592899415429e-03
6.050718861361288788e-03
7.527411249302535558e-03
