4.824207862954781696e-04
4.419063851396586571e-04
4.535005234659617306e-04
5.273680438585429467e-04
4.676248530004018466e-04
4.400168628368470521e-04
5.675470603345223776e-04
5.689705190421968321e-04
4.969386258819447327e-04
4.587095473796981159e-04
5.024845998523796639e-04
8.713594730842639732e-04
5.291842366109460400e-04
4.377180527710163157e-04
6.931613974281481978e-04
4.459084727045088507e-04
6.308011916366286108e-04
4.732441837238949818e-04
4.490644479225310384e-04
6.827492145816356278e-04
5.553791861997001318e-04
4.762527337895106874e-04
6.387734878891629126e-04
4.234702134309004042e-04
7.217605011620246416e-04
8.706442173966690880e-04
4.664117510895326004e-04
5.110550660180904680e-04
4.400242528054108967e-04
6.092662153511075153e-04
