-9.678554764085010476e+00
-9.679598628961365137e+00
-9.678690838253624307e+00
-9.680025594775504061e+00
-9.680225178944638742e+00
-9.683156472706661688e+00
-9.680100896636959718e+00
-9.680118842527278389e+00
-9.676724445729220747e+00
-9.682343142956732152e+00
-9.680505415020821403e+00
-9.681161364093320287e+00
-9.679483977683792872e+00
-9.681659678893895560e+00
-9.686629242512944771e+00
-9.681664480454045929e+00
-9.680285822819433506e+00
-9.684703579208845170e+00
-9.685052250752525183e+00
-9.681489835149122314e+00
-9.680000327338103006e+00
-9.683110126333762224e+00
-9.679352084955255009e+00
-9.682438731977150326e+00
-9.681362408749297543e+00
-9.681895496573231341e+00
-9.680355438411570645e+00
-9.677328063103267652e+00
-9.679920668806996531e+00
-9.684650818769837244e+00
