1.234559457893433937e-02
1.565257833348868838e-02
8.298976678294473983e-03
1.102329009121098650e-02
7.893853463306090695e-03
7.927335297286439153e-03
2.148966573617716938e-02
8.396090516155777991e-03
7.118615670031587517e-03
9.321501056291769255e-03
1.074814865736115586e-02
1.455241855256039080e-02
7.579689856436367702e-03
7.232443098627663186e-03
7.885854729919808057e-03
9.105607899723797138e-03
8.483630834801168114e-03
8.367198170712878899e-03
1.073114640639123360e-02
8.752072095910218633e-03
7.104136275984065073e-03
7.730582849187095373e-03
9.753554456175875936e-03
1.020964691057065811e-02
1.063377177568206738e-02
9.687079230754784553e-03
1.266632555005094314e-02
8.974807066779317763e-03
8.964228251612372730e-03
1.077972708786760492e-02
