-8.787849576422354403e+01
-8.793979765955410244e+01
-8.789851233688591492e+01
-8.792900741371560969e+01
-8.793054684754559958e+01
-8.789920854051339916e+01
-8.784784973562736354e+01
-8.788410813457696236e+01
-8.795978341739618145e+01
-8.785785459913722661e+01
-8.784625383884210237e+01
-8.789959508080862349e+01
-8.778808730214413458e+01
-8.788426559095651669e+01
-8.795828402407217084e+01
-8.791907113389366657e+01
-8.782192666762577460e+01
-8.789208746002701389e+01
-8.787663078960947871e+01
-8.785705008965499019e+01
-8.798915766822598528e+01
-8.794856351389294957e+01
-8.784525915303933630e+01
-8.779142054342710821e+01
-8.795384478711341103e+01
-8.796030214749676190e+01
-8.783881286856370707e+01
-8.792673434966675927e+01
-8.790639220719768332e+01
-8.796112238889114110e+01
