-2.213037830263306915e+01
-2.213202712653346538e+01
-2.212056994065986970e+01
-2.213765087952367594e+01
-2.213067558372339505e+01
-2.213063797933489241e+01
-2.213616728028201308e+01
-2.214621846852804055e+01
-2.212786414276699176e+01
-2.212337878472343178e+01
-2.212930296526387508e+01
-2.212033438286671583e+01
-2.213810190932669997e+01
-2.212923960824134539e+01
-2.213801289925005733e+01
-2.212926133341925095e+01
-2.212523564295645073e+01
-2.212629981046184469e+01
-2.213601890918569381e+01
-2.212475238229847463e+01
-2.212755168073238821e+01
-2.212965215449764855e+01
-2.213852722460208611e+01
-2.213218721046193949e+01
-2.213303376963529701e+01
-2.213800414369050173e+01
-2.213147557134787391e+01
-2.214239559346411923e+01
-2.213129018862522912e+01
-2.214070425878101389e+01
