1.293448254793179821e-03
1.266821746266349287e-03
9.479967195870402314e-04
8.626470444595773189e-04
9.993174983399333387e-04
1.794387972612313756e-03
1.051414298295512938e-03
1.017997665762133876e-03
1.285258421592867881e-03
1.297422618269188348e-03
9.951855108710242967e-04
1.285172341949829353e-03
1.291107058254796274e-03
1.902729443024115145e-03
1.367934800886425441e-03
1.937666770982208412e-03
1.297704314915766859e-03
1.269339106379142662e-03
6.854392004300143091e-04
9.495971521453782684e-04
1.002120378476476946e-03
6.586772545454861252e-04
9.758378042916295144e-04
8.446398276839804913e-04
2.045926548150063095e-03
1.499141060484896447e-03
1.325576067492292972e-03
1.043531137981404617e-03
1.866742117228404512e-03
1.588987366273958250e-03
