1.004298865076868330e-01
7.361860780572467011e-02
6.392787178425900219e-02
1.756150139914798569e-01
9.309614490938059039e-02
1.908279583695685899e-01
5.903249858505173198e-02
1.468772789403239021e-01
1.201956458692465673e-01
9.359356053942612108e-02
4.670123698029877285e-02
7.437251233062870670e-02
5.276293972297359247e-02
1.058990398941855454e-01
9.182675314151103607e-02
1.650728023233500041e-01
6.490587667893056578e-02
4.733360568676576313e-02
1.218562142605127546e-01
4.550187819125772748e-02
1.603655567628734513e-01
9.812365320202609542e-02
4.468187822414065868e-02
1.040034125510763546e-01
1.735628812403869348e-01
6.658792112502395777e-02
4.844298548420168660e-02
9.057528778725744412e-02
4.249497170785081213e-02
1.194971922063672726e-01
