-8.055703560137163777e+01
-7.986118284400404832e+01
-8.026947477911019746e+01
-7.938449073761084662e+01
-8.048063469000409498e+01
-7.905396823857056177e+01
-7.970954717544046275e+01
-7.971719917295203572e+01
-7.938573350336459100e+01
-7.971024574422069975e+01
-8.038985905979089353e+01
-8.022995808035857124e+01
-8.022149763860926441e+01
-8.007313062431100548e+01
-7.968604496303248652e+01
-8.075023571830476499e+01
-8.010590366739654655e+01
-7.920145156186518420e+01
-7.934449894823453064e+01
-7.948695809848840099e+01
-7.982944062971624533e+01
-8.018981028881879070e+01
-8.380392289471680556e+01
-7.994555263942848455e+01
-8.091549606170067932e+01
-8.028303313473000458e+01
-8.343412918833938363e+01
-7.937734915732795571e+01
-7.941159140815678086e+01
-8.016055401245998269e+01
