3.383699226297925966e-02
1.263989011777168388e-02
3.231151964300590929e-02
1.970708014591972257e-02
1.345983666481623264e-02
1.077413865521172597e-02
2.226831288252719213e-02
1.831762552929830368e-02
1.154272713079086861e-02
1.938416994237797397e-02
1.561653503072405608e-02
1.426027566311209062e-02
2.271571268050312856e-02
1.462215394472351875e-02
3.634663677837864093e-02
3.574102183943791977e-02
1.491431312629989785e-02
2.672146351653150592e-02
1.202840478294404068e-02
8.035182138782471714e-03
1.612412033562902330e-02
1.696756344811095954e-02
1.605451316286276783e-02
9.457570275805972024e-03
2.215625632082050822e-02
9.372180897337229616e-03
1.909761925651043066e-02
8.895257421632692466e-03
3.462097449599418897e-02
1.029697119467235834e-02
