-4.342964287797774148e+01
-4.347658260180864431e+01
-4.355071079886492669e+01
-4.350933464292375419e+01
-4.326290906919136603e+01
-4.347377959339303288e+01
-4.342122066019108217e+01
-4.337842923132439665e+01
-4.335351072534639627e+01
-4.345376803859538484e+01
-4.327724548517716130e+01
-4.345421743230877354e+01
-4.327307774618863334e+01
-4.337641269752246131e+01
-4.344431808028832620e+01
-4.337216365577997124e+01
-4.352215743236770606e+01
-4.342268006361204158e+01
-4.336896797293032080e+01
-4.342267203526701280e+01
-4.338200482703513217e+01
-4.344654369129237637e+01
-4.348509373033797942e+01
-4.343224822933920848e+01
-4.334863964930401892e+01
-4.345408612094751533e+01
-4.336743756474010780e+01
-4.339300648859372700e+01
-4.345603653274935141e+01
-4.343850061291320230e+01
