-8.703234572569701299e+01
-8.705391326462073209e+01
-8.706069253421615883e+01
-8.702602948872572597e+01
-8.707078010300745063e+01
-8.702489980104908796e+01
-8.703515138600045020e+01
-8.697118916454354576e+01
-8.702047608048269467e+01
-8.706043459154267339e+01
-8.700318117503627491e+01
-8.703521795780220316e+01
-8.698529716171904624e+01
-8.708101278404143386e+01
-8.705609230123522480e+01
-8.706128253999040112e+01
-8.704897226165462598e+01
-8.705250090929601470e+01
-8.700118472096220046e+01
-8.703162376234811859e+01
-8.702745111317896942e+01
-8.703463501034740091e+01
-8.704316080218707441e+01
-8.696947835481041977e+01
-8.703057635548684345e+01
-8.699742229473999089e+01
-8.704521651357998735e+01
-8.702009460085750447e+01
-8.699793238227908887e+01
-8.697581319333696115e+01
