7.835663783739094113e-03
1.129389750440844623e-02
6.896049316005177336e-03
7.082745100793224127e-03
9.156722394737424123e-03
1.273749578402399996e-02
1.008443437046117885e-02
8.744137635462950406e-03
8.468874285737603216e-03
7.242993787317562361e-03
1.399930499883400570e-01
9.766976585150646817e-03
7.793252570726286188e-03
1.160409148677337722e-02
8.569421203762127640e-03
8.711981805931755946e-03
9.170775387385105698e-03
7.111410304089225455e-03
8.325349199227342206e-03
1.025855783670079867e-02
7.508397203705979156e-03
7.162756639514537838e-03
9.608339397721276515e-03
9.242607008060127124e-03
7.165800821310745923e-03
7.190549997041989841e-03
1.280642585254471687e-02
6.919648822991598079e-03
7.190105771508663833e-03
6.992006280980161276e-03
