6.848683234005861938e-04
7.869843583273590081e-04
1.084836534702471366e-03
1.161005841246437204e-03
9.098004944525402149e-04
1.370827374803469320e-03
7.075589680925758887e-04
1.150391187509060753e-03
8.349567425926886005e-04
1.711461140908869701e-03
1.704535425937617199e-02
6.562870528791741025e-04
7.624857811038520923e-04
1.401584317319632799e-03
2.177855392952019690e-03
6.020405080058898253e-04
1.031400820874414041e-03
7.279277046829701371e-04
1.018831471825010692e-03
7.255487623580037784e-04
1.230643371839903067e-03
1.317142960029827649e-03
2.794934838112694917e-03
1.282622000393568180e-03
9.593804192503832366e-04
1.951447210206639239e-03
8.760419371542258957e-04
1.393050623944987968e-03
8.049811900452670359e-04
1.115778155133093216e-03
