-2.006273301734639247e+01
-2.006896998869521909e+01
-2.007007214167911258e+01
-2.006003419283150890e+01
-2.006212498754406326e+01
-2.006008212725265949e+01
-2.006777264965571561e+01
-2.005790666532877964e+01
-2.006863079765088997e+01
-2.006518767236544676e+01
-2.006213333379414010e+01
-2.006354126506606406e+01
-2.006345546337402652e+01
-2.006735315162934796e+01
-2.006249653089718521e+01
-2.006744501075199594e+01
-2.005763746791940250e+01
-2.005499704498803482e+01
-2.005913311765113249e+01
-2.006471542872864688e+01
-2.006261368436675596e+01
-2.006411322923556639e+01
-2.005366315812187494e+01
-2.005691953589327525e+01
-2.005863259750812588e+01
-2.006124576222435962e+01
-2.005819454659744494e+01
-2.006477994711855573e+01
-2.006425524730700261e+01
-2.006376735928255073e+01
