-8.736977579191662358e+01
-9.222937958111968726e+01
-8.064186768281339823e+01
-8.497155527252834872e+01
-8.511533555552931318e+01
-7.943163641981178102e+01
-8.284198405568017165e+01
-8.410991321586845970e+01
-8.114051298452092453e+01
-9.208542576449295325e+01
-8.196009455069079763e+01
-8.807246829539423061e+01
-8.514413465956948812e+01
-9.552070351518500502e+01
-8.720122622063985318e+01
-9.405154849664124583e+01
-8.020418077212477215e+01
-8.541360902750314210e+01
-8.539184252338429815e+01
-8.251166339218561063e+01
-8.929735559176216952e+01
-8.220999600355899872e+01
-9.097467562429238797e+01
-8.210081854534591628e+01
-9.204266821290180189e+01
-8.132019368087952671e+01
-8.394426469322873174e+01
-8.617767675645917791e+01
-8.160459420638088091e+01
-8.846172730940570261e+01
