7.507429398525552466e-01
4.056893021417337097e-01
1.009738604108798121e+00
7.131484007308789286e-01
1.295684126242791390e+00
1.758386330500940842e+00
6.716152855928337884e-01
1.791238914065120369e+00
7.937357780931970641e-01
8.053070003824214229e-01
6.594576673967624814e-01
4.522683194244004889e-01
8.282964105363579410e-01
1.050087961404572612e+00
4.598100831445582903e-01
9.158357232951888083e-01
5.911888595643245425e-01
5.377077675116308519e-01
1.176501094517172996e+00
4.593366788169684356e-01
1.813266247541028831e+00
4.293923657988926723e-01
4.582646572976040167e-01
4.828786561731055471e-01
5.821019043095179146e-01
5.391426673208467024e-01
1.351293778631960540e+00
5.238563426727048666e-01
6.419731078487099785e-01
4.561326328585944001e-01
