7.768519526979278389e-02
1.494516926572682369e-01
7.811200679064604635e-02
8.156189030521317218e-02
2.094058844795969598e-01
1.007007277733950323e-01
1.523377212855699936e-01
1.225136922746051099e-01
1.910997257886242751e-01
1.214306833146204523e-01
6.764771370990761701e-02
7.274895199291947501e-02
8.097561876213965615e-02
7.005263478099107988e-02
9.683018760197746599e-02
1.820527246584174585e-01
1.308704750937424721e-01
1.361740405801262765e-01
8.290187510529264947e-02
9.308538109371614078e-02
7.644826344212407587e-02
1.192654383980480959e-01
1.033487781722643023e-01
6.612977492509074240e-02
1.556596526429009919e-01
1.491913198934024798e-01
1.294765066700121481e-01
4.659779345859891425e-02
1.016478343931954825e-01
9.945636262112039772e-02
