-6.407181088461896934e+01
-6.433555471619453670e+01
-6.487862675861572370e+01
-6.561460742494293186e+01
-6.486807772705998332e+01
-6.555229695154898195e+01
-6.429360253422436244e+01
-6.471631312870931652e+01
-6.524057161733975363e+01
-6.429414568090530224e+01
-6.579741708181097692e+01
-6.461814803087389691e+01
-6.493567099898523054e+01
-6.395267259591216202e+01
-6.511279017422612014e+01
-6.486407042986485294e+01
-6.464698456738942411e+01
-6.506757902563592211e+01
-6.368401984070834487e+01
-6.450104810783827247e+01
-6.571831312621576160e+01
-6.449503239309026981e+01
-6.413132299046755236e+01
-6.414349216623932648e+01
-6.518154977919238036e+01
-6.526386106812198307e+01
-6.426859221974781633e+01
-6.432491862123112014e+01
-6.467911399799778849e+01
-6.402726584537627730e+01
