4.470646554796587485e-02
2.357961883685797885e-02
2.543563940624651160e-02
6.088508407702506592e-02
4.121917240507078778e-02
5.733582583006487099e-02
7.209828391172082296e-02
6.826394912912929491e-02
5.853713382627044604e-02
4.830381501378409881e-02
2.493411214853470670e-02
3.541805617181578714e-02
3.670813922300285997e-02
3.479857179183103860e-02
4.323062899982772073e-02
3.398037992903217563e-02
7.891453351633161140e-02
3.566170504907480859e-02
5.669243142142833813e-02
3.598495844290210133e-02
2.439095052504548083e-02
3.358417290033573893e-02
4.944511562618035538e-02
2.846375059388121798e-02
6.489091454524825719e-02
1.231193458589601164e-01
3.141458348759354480e-02
9.035387487420287744e-02
5.365146699865894903e-02
5.945399867674863031e-02
