-8.808820703290780330e+01
-8.756111621401429090e+01
-8.779335364170466960e+01
-8.755839634120090409e+01
-8.798818150286670914e+01
-8.769041053172600186e+01
-8.744850236378891850e+01
-8.786783694233791664e+01
-8.720818899127320378e+01
-8.733793952723401333e+01
-8.798240982319450154e+01
-8.808476182542719357e+01
-8.809257073626885415e+01
-8.782159077186851448e+01
-8.799037836405497615e+01
-8.794531824822429655e+01
-8.775501805651201437e+01
-8.776256412112755356e+01
-8.775136213261554019e+01
-8.824570272772179180e+01
-8.804707091012718934e+01
-8.798728682591782047e+01
-8.777996149555021077e+01
-8.802428570680352493e+01
-8.813588822514674348e+01
-8.784557141190248331e+01
-8.785344770878741372e+01
-8.789646698402981428e+01
-8.818455871837562654e+01
-8.778730726545489915e+01
