4.271142970151086543e-03
4.080938906092025295e-03
7.022703062239476525e-03
4.733990562709821867e-03
3.946553150597083628e-03
4.511760517339465613e-03
1.460642028172680872e-02
4.839907902867857797e-03
6.315302677544759949e-03
4.913762112886212868e-03
4.624093009208299181e-03
6.425442549526756524e-03
7.058895850797048191e-03
3.766606281083001093e-03
3.931121895808077985e-03
8.732809566768272302e-03
4.428075663956925964e-03
9.398220610570185221e-03
5.943281682151371759e-03
5.755690845888171946e-03
3.617896513664114501e-03
4.220313800195330846e-03
3.399890576398515753e-03
3.550173817850030538e-03
7.315235089139977311e-03
7.631368856520776532e-03
4.487282018024270000e-03
2.551104609605009052e-03
2.814739691961671252e-03
6.651294128905369321e-03
