-3.606344813056280429e+01
-3.610837297284889758e+01
-3.608415999131381824e+01
-3.608024561911575034e+01
-3.608636467405209913e+01
-3.605278015651582990e+01
-3.611043168450071761e+01
-3.612075387747561450e+01
-3.614323663354983296e+01
-3.604022773689686687e+01
-3.606888222592696991e+01
-3.609547325448051680e+01
-3.610981951494816400e+01
-3.606477702374776584e+01
-3.611787483274553523e+01
-3.607186180537090081e+01
-3.603826027409857602e+01
-3.611713020676650387e+01
-3.616118253501777957e+01
-3.609457554570948901e+01
-3.614920036853198582e+01
-3.609034693243987135e+01
-3.604058874891215680e+01
-3.610702449737388520e+01
-3.608182495885839813e+01
-3.610787633342658864e+01
-3.609986139922045822e+01
-3.609026788530493945e+01
-3.603431132867312670e+01
-3.603850077924465722e+01
