-8.698105441900196411e+01
-8.695434071954744581e+01
-8.688307912916833686e+01
-8.696404514308652267e+01
-8.693234501746297838e+01
-8.693157230486225728e+01
-8.697386538984764570e+01
-8.697985631976672494e+01
-8.694545500352506906e+01
-8.695296156000942744e+01
-8.697429949225580970e+01
-8.697887823137324403e+01
-8.696604009941883362e+01
-8.697679164584351952e+01
-8.697657613801086995e+01
-8.700773967304319001e+01
-8.699677851439483334e+01
-8.699189253981032266e+01
-8.693468382379978721e+01
-8.697058360402712651e+01
-8.696634259200290273e+01
-8.697996129374726593e+01
-8.694760068491532934e+01
-8.693198382275633662e+01
-8.693147026170888125e+01
-8.700189719443402225e+01
-8.700201219912895567e+01
-8.699172207338335738e+01
-8.696038240907340366e+01
-8.700463307279942171e+01
