7.966533536888930483e-03
6.937309011220479417e-03
6.913132559641918529e-03
8.401913129129148783e-03
1.153320022294743868e-02
8.062540981902619960e-03
9.020896783786236037e-03
1.114086130448721512e-02
9.185160148656942164e-03
7.898417018079032653e-03
1.079972455555469613e-02
7.659734735845211660e-03
7.032809396959501837e-03
1.184973685276416271e-02
8.797744924680349354e-03
6.719438845121519094e-03
7.045976162621388379e-03
7.434922652750453574e-03
6.287173987469092673e-03
1.286679697008924483e-02
7.892610589206832186e-03
6.552195565420196148e-03
9.090887117009237989e-03
7.134722046933677023e-03
6.311188895557639025e-03
6.488527183473234879e-03
7.308519272528533894e-03
7.624782761405593176e-03
6.299211893122691995e-03
8.299768544058788375e-03
