-1.799064021609991215e+01
-1.799140046995148623e+01
-1.798767265215835209e+01
-1.799240211512081089e+01
-1.799212045425433359e+01
-1.799047887501392751e+01
-1.799850877741628352e+01
-1.799555673293374269e+01
-1.799316360209527943e+01
-1.799120494813782756e+01
-1.799297642047547185e+01
-1.799139046189017321e+01
-1.799479450143365966e+01
-1.798811536708941006e+01
-1.799652930531318518e+01
-1.799048058189002219e+01
-1.799247114403717518e+01
-1.799802320854028181e+01
-1.799267987450367201e+01
-1.799582552440156746e+01
-1.799160808670323064e+01
-1.799028384491716892e+01
-1.799136140322313793e+01
-1.799108819573265805e+01
-1.799244756668922207e+01
-1.799462248514023344e+01
-1.798946443419020369e+01
-1.799507095544047175e+01
-1.798938720014117365e+01
-1.799248502677973605e+01
