1.171727371608661823e-03
7.376087642519042233e-04
7.797335172405564941e-04
1.498552471319968297e-03
8.927262959681090066e-04
6.047424073065103692e-04
8.769708434582252753e-04
1.622978278367878842e-03
6.725470614137339176e-04
5.590959326295666864e-04
9.500598401445449221e-04
9.451196339009658052e-04
1.187606363926658245e-03
7.689941304020423037e-04
1.036000896995417208e-03
1.300031900791032147e-03
1.120002894699140012e-03
7.736631008465723672e-04
7.428982270158586681e-04
7.279204533254090680e-04
7.808961145835052265e-04
8.655272417630479991e-04
6.133883195763155816e-04
8.213417577866355878e-04
5.555467708706111288e-04
1.758198787755771517e-03
6.984232057656061506e-04
1.493975134949932339e-03
6.997838612145337606e-04
1.219951957185085685e-03
