-8.269867690908263569e+01
-8.510525271705897410e+01
-8.435282406850099335e+01
-8.207562215902254366e+01
-8.413761393619249418e+01
-8.489045901658349180e+01
-8.766257125627001301e+01
-8.440676798541289827e+01
-8.340470399680894786e+01
-8.335943741428349085e+01
-8.353951721543806741e+01
-8.100530294123973363e+01
-8.191087667040144993e+01
-8.371727144564624723e+01
-8.480003449976457830e+01
-8.146421496846394916e+01
-8.250240993305089887e+01
-8.434139674605090420e+01
-8.433571643427076481e+01
-8.456053198445670205e+01
-8.365010548242980803e+01
-8.547146253494624091e+01
-8.129652424537658817e+01
-8.378068287340315123e+01
-8.274426006342207529e+01
-8.440499647650253223e+01
-8.491592755190713149e+01
-8.473704560918841366e+01
-8.396729476914896395e+01
-8.508263846470427438e+01
