2.779502529673937294e-01
2.410525393518228865e-01
1.804227112192934745e+00
3.230436923192209764e-01
2.713831384937510638e-01
2.893864071957884532e-01
2.480470148133200603e-01
3.283072563274310185e-01
1.734232792189316918e-01
1.702823856688555071e-01
2.981544207448521000e-01
4.839398062425711577e-01
5.904054429352294520e-01
2.170508757454399640e-01
1.827709882527540630e-01
3.927065250237903871e-01
3.862343268218435544e-01
1.756009940472222086e-01
3.712778117695923474e-01
2.385572036612956526e-01
1.829576826728356032e-01
3.727513724148697194e-01
4.008336050559532793e-01
5.484698271993602159e-01
4.457153760390414332e-01
2.093784085567277631e-01
2.216282879813571138e-01
4.466989624954467719e-01
5.420850799297195488e-01
9.296853075751968509e-01
