-5.676837391440635372e+01
-5.441521684725762498e+01
-5.676096325980689983e+01
-5.675552325607736037e+01
-5.697900657210026054e+01
-5.715503062512554777e+01
-5.554435556761526982e+01
-5.684890750668485282e+01
-5.650559260743774814e+01
-5.711718784818957317e+01
-5.689046428607126415e+01
-5.711057222530356370e+01
-5.699208539921990280e+01
-5.691930104649024713e+01
-5.661343757902973550e+01
-5.676686749168940338e+01
-5.666224372969635681e+01
-5.670142108651658219e+01
-5.670992539270808663e+01
-5.622789251824517720e+01
-5.676554416923430324e+01
-5.697649946737966076e+01
-5.681717278238787117e+01
-5.714203415779505235e+01
-5.698791503115535306e+01
-5.687902496994463064e+01
-5.693975489709698934e+01
-5.723002747280979463e+01
-5.638400362728074811e+01
-5.705655860688902692e+01
