7.386326944646762205e-02
8.873465178090297889e-02
1.650725941121957696e-01
4.087824751176601795e-02
7.401610847909062540e-02
1.119379759282226744e-01
4.398459033780850735e-02
7.181864951269044395e-02
5.463070807631466297e-02
4.311379993322812104e-02
2.871077739417510905e-02
5.033290783495506654e-02
5.785917603200337739e-02
6.614583579485854015e-02
3.686227272982573605e-02
3.693585862442466672e-02
9.081826488558657207e-02
1.128520017679975340e-01
3.914155975839724022e-02
5.344071352268585373e-02
5.312394849503439265e-02
8.141003465053893440e-02
8.219695780624693138e-02
3.248963903646383267e-02
1.229322906650693603e-01
3.243901661849472873e-02
2.500521875325574864e-02
6.154011304653538017e-02
5.173057035096838979e-02
1.173523197970678389e-01
