-8.614667776954090073e+01
-8.613753409156285556e+01
-8.612162650768578942e+01
-8.611590883188424073e+01
-8.615621711842246100e+01
-8.614895415146276036e+01
-8.615545753126346540e+01
-8.613969556674931027e+01
-8.613591829046772830e+01
-8.616245900780194233e+01
-8.611168789865303097e+01
-8.613134592590388650e+01
-8.613279320954245577e+01
-8.615887254450291266e+01
-8.615946535221607405e+01
-8.611747705103061890e+01
-8.611183820584722071e+01
-8.615132976211430105e+01
-8.614407408618276918e+01
-8.613187670783503336e+01
-8.613434093726021956e+01
-8.616199227955320339e+01
-8.613509911122076801e+01
-8.615173506576610407e+01
-8.613929109408637430e+01
-8.615065727919777316e+01
-8.609110209907386491e+01
-8.612100988887544872e+01
-8.614005756419274462e+01
-8.614010248615574028e+01
