6.665789891498891291e-03
6.763472359782851488e-03
1.747066460678777661e-02
7.703783034377846561e-03
6.264193728565575423e-03
8.273105414999430002e-03
8.266114078189563952e-03
7.584113480195848328e-03
7.438217581199529915e-03
6.376853003923670452e-03
8.410214054246311494e-03
6.005780182885819829e-03
6.397625699407421401e-03
6.296193522339653577e-03
6.486854641824524315e-03
7.378621717144003174e-03
6.432779677321685298e-03
8.282509504869564956e-03
6.654843220895744101e-03
6.630214660645069626e-03
6.738953878136054974e-03
6.896445007968934719e-03
6.250436790874583544e-03
7.075577524535925540e-03
6.336391728847727209e-03
8.515505769212059969e-03
6.371419102282516352e-03
6.523332917153168257e-03
5.999859822009112435e-03
6.102536801634967159e-03
