-1.487381911804470036e+01
-1.486729919755187623e+01
-1.486626241490306377e+01
-1.487015122314454096e+01
-1.487354353311207689e+01
-1.486483798871016759e+01
-1.486578700283432397e+01
-1.487085900746228795e+01
-1.486493590324776548e+01
-1.487145355667269797e+01
-1.487846546695284111e+01
-1.487034256370879959e+01
-1.486512839145432530e+01
-1.487022997201883356e+01
-1.486927875589362458e+01
-1.487271154952470553e+01
-1.486410350417983395e+01
-1.486961551678679605e+01
-1.487342023953683778e+01
-1.487388305743567685e+01
-1.487158041692674004e+01
-1.486752043379395616e+01
-1.487414920020092346e+01
-1.487159910820219011e+01
-1.487537034591355578e+01
-1.487084461934100332e+01
-1.487040791775997128e+01
-1.487029118405508754e+01
-1.487221475031782880e+01
-1.487261146458093819e+01
