5.120950095146327430e-04
6.856493386899622329e-04
9.558283855656694904e-04
7.035655208593914961e-04
6.607172897999610568e-04
9.550890244287905907e-04
6.855305106530288186e-04
5.805282539727308353e-04
7.346899544147298235e-04
6.755780548836990687e-04
5.765423236389512337e-04
7.988469850759856005e-04
5.607929640319108929e-04
5.751959596649667671e-04
5.040086668760155805e-04
1.093827017758761816e-03
8.157232964997303357e-04
6.382036922398743109e-04
5.503383861416181804e-04
4.756753130704089003e-04
5.700960341058530952e-04
1.032851377539165073e-03
5.357234586716169570e-04
6.148296744579074971e-04
7.486072900848088048e-04
5.850793567141794214e-04
5.027200249680369810e-04
7.715624754742964877e-04
5.283538105087530641e-04
6.859021787285692236e-04
