3.288056841940887876e-01
5.725465570226541123e-01
9.107827434779102171e-01
7.134833375307847447e-01
4.501925775057621371e-01
3.168365072519527814e-01
3.627799377922011348e-01
5.288042730301623084e-01
6.208169808110297616e-01
2.822986737241399702e-01
1.946219711727490420e-01
2.373330891378390706e-01
2.302889874707453877e-01
4.721667164202627553e-01
5.897153682265307006e-01
1.922584226274609009e-01
2.757265660412714370e-01
3.016084724835904063e-01
5.720648569309907394e-01
4.142109229793739522e-01
3.644873417835317597e-01
1.077230541647119511e+00
4.046783520740163675e-01
3.988364280049995214e-01
9.562240106212483992e-01
4.768640274949508817e-01
5.944880945238812942e-01
3.323197068760775363e-01
2.842878985857936192e-01
2.309865883123553010e-01
