-8.561103343613277161e+01
-8.532868246739721485e+01
-8.405164342200842498e+01
-8.185075314814852732e+01
-8.584679658355182141e+01
-8.392869617473934341e+01
-8.058884706338324122e+01
-8.744854902303677591e+01
-8.298782537895542077e+01
-8.392494256991858492e+01
-8.453984620387512905e+01
-8.168663059260352099e+01
-8.042283088294254867e+01
-8.560320269479558419e+01
-8.258257106846210149e+01
-8.255742926080614552e+01
-8.478970127318220307e+01
-8.380847243662967117e+01
-8.851733340936661421e+01
-8.583922749009272479e+01
-8.120182647622539207e+01
-8.412467267425473949e+01
-8.391089169672807202e+01
-8.530064811834364491e+01
-8.271829725884371953e+01
-8.282725664195851323e+01
-8.126027021423720953e+01
-7.893571418883587398e+01
-8.169247277246189753e+01
-8.521387716707104687e+01
