4.381047086992419237e-02
3.665402317758129774e-02
1.351193333695659138e-01
6.599776471367976849e-02
8.803517142120002859e-02
6.769703975843736898e-02
4.421136048516584316e-02
5.722728127760129402e-02
8.826008151497137522e-02
9.697781135630779981e-02
2.214109835232706547e-01
5.390381746622968651e-02
2.943875057481517774e-02
5.353775786821787092e-02
3.800353815958843612e-02
4.665062802145843873e-02
1.146418935333672201e-01
8.892158435214793377e-02
4.201760263725419497e-02
5.100085446207177492e-02
5.496246683546726630e-02
8.863388757331382151e-02
5.590277867610617124e-02
4.589501125971619244e-02
1.553404501494587142e-01
5.954514209556375365e-02
3.949360698904610945e-02
3.657463228661302773e-02
8.526122598725879853e-02
4.186932270126205585e-02
