-5.854037453685509718e+01
-5.937018596102340950e+01
-5.869161968580375799e+01
-5.883206918499442395e+01
-5.967256526213012080e+01
-5.892887500115399035e+01
-5.960270078214431066e+01
-5.912232468062269675e+01
-5.937891197348618988e+01
-5.888146891480192835e+01
-5.883873534705732311e+01
-5.918917438139521181e+01
-5.905668476477659112e+01
-5.942898548392728486e+01
-5.897773981301781987e+01
-5.888875311910063459e+01
-5.871512922912346255e+01
-5.979879990430559644e+01
-5.952972744077671763e+01
-5.991369208744055186e+01
-5.930002206274534160e+01
-5.895930701690140552e+01
-5.886936125112751483e+01
-5.920346944652744980e+01
-5.913830825301364769e+01
-5.915413559563514667e+01
-5.861768600599247492e+01
-5.886313748541620328e+01
-5.924406993244899411e+01
-5.904475407470313542e+01
