9.607713506146111637e-01
9.013019775020725266e-01
1.112155802381664449e+00
9.111143472330492932e-01
6.210734079352312476e-01
4.669908486636999978e-01
1.584579223256217251e+00
5.529727913097202130e-01
6.793032629074128304e-01
9.428057983308283374e-01
5.950608720182900546e-01
1.059106989700961732e+00
6.283097618442009535e-01
1.004398916274506837e+00
1.028682740150618447e+00
2.066117890214866470e+00
7.638170383215378001e-01
7.361046078106218138e-01
7.268261754108177319e-01
4.500385696243184852e-01
5.064217217777439162e-01
1.298113382064965959e+00
9.489150813847436750e-01
8.005757807245985624e-01
6.690420331951835164e-01
1.058831870680165155e+00
4.951894092100467826e-01
1.425838925590511508e+00
5.065856860557869101e-01
3.788372930503817737e-01
