-9.196860085399364948e+01
-8.660752320566756168e+01
-8.578232495368499144e+01
-8.385343177588396202e+01
-8.637943644884029482e+01
-8.539962161002868868e+01
-9.841967922313781969e+01
-8.387518061061076935e+01
-8.923980574248456321e+01
-8.481761465641032771e+01
-8.606047763685806729e+01
-8.066057076057657582e+01
-8.515674173460310215e+01
-8.544841535297094026e+01
-7.800996798266965016e+01
-8.948271173224961217e+01
-8.820731816901619027e+01
-9.184682758534930258e+01
-8.803859478423959217e+01
-8.161696979838825428e+01
-8.363513565477003908e+01
-8.763116572767521006e+01
-8.879680972378812953e+01
-8.936239601474156302e+01
-8.425759072587661080e+01
-7.631805284068173023e+01
-7.826214044478544452e+01
-8.738403722350189184e+01
-8.839706565819213324e+01
-8.466079445267133963e+01
