-6.578702641986066624e+01
-6.438980170615569421e+01
-6.523788458041596527e+01
-6.604144759493415506e+01
-6.558461739002920865e+01
-6.532785241123838205e+01
-6.491114624451668647e+01
-6.462087214491610609e+01
-6.582318790129330921e+01
-6.600898382397349451e+01
-6.522487992951742797e+01
-6.676325818482402497e+01
-6.539728777738562826e+01
-6.494797654449459401e+01
-6.614809702141695880e+01
-6.478928468001802798e+01
-6.586906881469987241e+01
-6.440825511110776347e+01
-6.478239810375829677e+01
-6.552401006967903641e+01
-6.448558709206216122e+01
-6.571094722489800688e+01
-6.687013940052325722e+01
-6.625191417860375509e+01
-6.432490505026595429e+01
-6.605042593668090944e+01
-6.525016129341764781e+01
-6.684196278616674647e+01
-6.526074086279203357e+01
-6.522111221203442710e+01
