7.322027991620271015e-02
6.241455443397848218e-02
1.690207983953506687e-01
6.184888120753088969e-02
2.058065720303115520e-01
6.424269256511137838e-02
9.483082425727895615e-02
6.175558615131677975e-02
6.606785745770615836e-02
1.026681171831434342e-01
2.074176153870843087e-01
2.732574278807015089e-01
1.352477974512926451e-01
1.110455322976513781e-01
1.166436137141245166e-01
2.649299976990637240e-01
1.959046118527756064e-01
9.293364862718964114e-02
9.616160968187668912e-02
9.028831631011847991e-02
2.454860949620090160e-01
7.145609081443686506e-02
9.222090461203938383e-02
1.645375738053792281e-01
1.916831375063461351e-01
1.685331676398665879e-01
8.593010136511115837e-02
2.627893561141253498e-01
1.576561419669220976e-01
3.762051163885999916e-01
