1.930435820163070235e-02
2.288878058707817520e-02
1.785006074026934675e-02
1.276904408553273911e-02
1.663328837980577318e-02
2.227296583317822654e-02
3.250505173609560122e-02
1.235178505118659543e-02
1.895611686977137500e-02
2.234439154784557263e-02
1.540415650379626210e-02
1.446795663880373096e-02
9.340139466695745324e-03
1.733121185745053680e-02
2.136090923118960649e-02
1.501782761213403712e-02
2.071747619285371766e-02
1.745617672053486127e-02
1.072204718047229874e-02
1.145710079890773468e-02
1.614677577543053091e-02
4.320093017876294739e-02
2.576948057520124513e-02
3.352758421016743817e-02
2.229292793791692179e-02
1.617581277346743715e-02
1.978035016672058388e-02
1.278919039388364334e-02
1.273977182982485856e-02
1.595862016625756649e-02
