-8.743286284396296537e+01
-8.742234088509377443e+01
-8.745947244537522636e+01
-8.737417401778363057e+01
-8.734869131827886690e+01
-8.739795377746469285e+01
-8.752004527321501826e+01
-8.736699851409116491e+01
-8.731284170448435589e+01
-8.754306634477151761e+01
-8.743145364263196484e+01
-8.742815316618901988e+01
-8.742660091253836185e+01
-8.743227728694071743e+01
-8.740668230187655752e+01
-8.738927265757658347e+01
-8.742621599500799334e+01
-8.730470531003052770e+01
-8.750844532145532639e+01
-8.724824993724695332e+01
-8.748010487443410454e+01
-8.748158559260014044e+01
-8.739438897234563797e+01
-8.739267911019970825e+01
-8.741597708327518035e+01
-8.738835729645876427e+01
-8.745241680656883432e+01
-8.735378294358454809e+01
-8.740854655976268361e+01
-8.732681651977155468e+01
