1.869118104012948336e-03
2.204405385510919621e-03
3.096091583678844007e-03
2.070134929147485030e-03
1.356113935736149743e-03
2.445227799805156036e-03
2.233667721205267759e-03
3.101897629372439309e-03
3.189422639702712160e-03
2.334789756742680980e-03
2.690497611823991671e-03
2.091223354854551252e-03
2.605844522723159418e-03
1.574792569853604831e-03
3.368354375610118148e-03
1.231188199385392992e-03
6.658129662031197701e-03
2.495538865587808297e-03
1.545305372195176444e-03
4.340641203025656300e-03
1.520213298710287051e-03
2.702455985765809567e-03
2.281915399680178955e-03
2.334990855905732035e-03
2.434198416359989285e-03
3.692305811708405244e-03
2.037413963326038368e-03
2.401635593817231552e-03
3.058024300441104185e-03
3.914077074273692412e-03
