-2.724804691552674996e+01
-2.726598187020638164e+01
-2.725315599091592844e+01
-2.724882947707337877e+01
-2.723951478841227214e+01
-2.724675166540921367e+01
-2.725295938723934341e+01
-2.725939217797752434e+01
-2.725283885188193267e+01
-2.725685579827862171e+01
-2.725643705576317899e+01
-2.726707156638572727e+01
-2.724941931876186629e+01
-2.725698864563977963e+01
-2.724405503521232674e+01
-2.726065388079169338e+01
-2.725644812596159383e+01
-2.725157889953880641e+01
-2.724166499901494731e+01
-2.726328868434298158e+01
-2.725343550826000794e+01
-2.726014069470651080e+01
-2.724116721668705310e+01
-2.725339100415837734e+01
-2.725324301941640215e+01
-2.726567428344821664e+01
-2.724084070307837635e+01
-2.725853371469322894e+01
-2.724931231404867304e+01
-2.725429326171297362e+01
