-8.915620709397775556e+01
-8.883508550459546882e+01
-8.899047109597532312e+01
-8.898203980060463891e+01
-8.899502959029902627e+01
-8.868967305032852266e+01
-8.882599358578403326e+01
-8.886756752927176706e+01
-8.876142075494783512e+01
-8.865266849627155921e+01
-8.793296437943425303e+01
-8.887386183133068585e+01
-8.883439209222657951e+01
-8.886244726037158159e+01
-8.880046942848454705e+01
-8.893908693198360993e+01
-8.877601292901810837e+01
-8.913422856088408253e+01
-8.891713221254119048e+01
-8.902286649222740778e+01
-8.883177914283430709e+01
-8.902662820913681685e+01
-8.874411662394541622e+01
-8.891858545916325340e+01
-8.888854277874149545e+01
-8.891083531955393937e+01
-8.880712883673447777e+01
-8.887757997012812439e+01
-8.911517881056404633e+01
-8.896413069060483281e+01
