3.650188160178362978e-02
1.568383543735933985e-02
4.272574758726997018e-02
3.005128263173669975e-02
2.804946879288820749e-02
1.735063080473155106e-02
2.665123843134826337e-02
2.601439091471356019e-02
2.694242595681311386e-02
2.503852506367314559e-02
4.584198971389764898e-02
3.804443454289085924e-02
3.271343708326060473e-02
2.553175294383179181e-02
2.464030815818040940e-02
6.067484340553701977e-02
2.803137593475915970e-02
2.064619124860882574e-02
4.697143875177595823e-02
2.748232106025941604e-02
1.783432478686719849e-02
3.589695121437396635e-02
1.522345523674682038e-02
1.940581262314878055e-02
4.354201226515464623e-02
2.100746776397046517e-02
2.398700704855286428e-02
1.561590150660066914e-02
2.682212853354967730e-02
2.934657752594324598e-02
