-3.327146621135639748e+01
-3.327520868307011881e+01
-3.328437752118180981e+01
-3.324322066735827974e+01
-3.330730805097369540e+01
-3.329212149933300680e+01
-3.328738110131071437e+01
-3.326343500111521223e+01
-3.326697144800019146e+01
-3.323893595685157720e+01
-3.324299052266219689e+01
-3.325401928120399475e+01
-3.326141621674523208e+01
-3.329522345337561262e+01
-3.326664701148821734e+01
-3.326125773570674937e+01
-3.324864026131993455e+01
-3.323809350617434433e+01
-3.326221620429642201e+01
-3.327676573846348873e+01
-3.326148060286853791e+01
-3.331275112439217878e+01
-3.328630631786106875e+01
-3.329457087555329764e+01
-3.325473224007409812e+01
-3.323414660773060803e+01
-3.324159480060802707e+01
-3.327203960133319072e+01
-3.325174503595815168e+01
-3.324523926479784564e+01
