3.373845142053932301e-03
5.588370078051024467e-03
6.800211967839542467e-03
6.786289077949562640e-03
3.471712634372850319e-03
4.013170050949757366e-03
3.002347134557268801e-03
4.504865796379719373e-03
3.031735788509638038e-03
4.844999260042722605e-03
4.361905147940624283e-03
3.105921145774628248e-03
2.601093103813695989e-03
2.532208630006583996e-03
6.690110055680394303e-03
3.689412886419109541e-03
3.926387264139586872e-03
4.772758156029263503e-03
1.180109929736288150e-02
4.571275366692315045e-03
2.984983942762752061e-03
3.991139233462461487e-03
2.853499839159138671e-03
4.572874713139335988e-03
5.475295115021833019e-03
5.181780668442721727e-03
4.210364216253209210e-03
3.712216690713856723e-03
2.996563603982824089e-03
5.166358702426606699e-03
