-8.681027470108655564e+01
-8.681221410108037162e+01
-8.683022009417226172e+01
-8.686766867249477286e+01
-8.678703628152325678e+01
-8.680526529146250425e+01
-8.681905432676612122e+01
-8.682003402068475850e+01
-8.675355100601973390e+01
-8.676599168771565473e+01
-8.681887167407251127e+01
-8.682172704472215230e+01
-8.682085084610294246e+01
-8.680247235770991665e+01
-8.681957892758819639e+01
-8.679971681275370088e+01
-8.677060723108412787e+01
-8.681196408234140449e+01
-8.679242599216991039e+01
-8.679015066234678955e+01
-8.683418838642703008e+01
-8.679782765380818432e+01
-8.679682769801576114e+01
-8.680701015894588579e+01
-8.679677960677307169e+01
-8.682569489802915541e+01
-8.681109865195352882e+01
-8.681308623769868404e+01
-8.682846370047803930e+01
-8.679480790984101191e+01
