8.153480014019047484e-03
6.946705508073935421e-03
8.619594087948208999e-03
6.647582367542345487e-03
8.156203299956893416e-03
6.022339226065075331e-03
6.863829797269481447e-03
6.415124365478248707e-03
6.564287116679286271e-03
7.183141604990935479e-03
6.717888627663332751e-03
6.965398037091444748e-03
1.401443100991070848e-02
7.074227042088335193e-03
1.006987633413953219e-02
6.952049329473697532e-03
6.742001904191002523e-03
6.867001613452695073e-03
7.446973249888207309e-03
7.321423311895949686e-03
7.033334642909934951e-03
7.776009906094222615e-03
6.210879986122305220e-03
8.733530102209985033e-03
6.520466978578234873e-03
9.450258587049661929e-03
6.917133244354979615e-03
7.460057943624374792e-03
9.944960475119014529e-03
7.351141630222550634e-03
