7.175857527557437734e-04
6.622024646420366246e-04
6.151160680287989270e-04
6.990033858935680924e-04
5.226166558829380745e-04
7.106181148692320652e-04
1.115593674733770819e-03
1.143552069183104928e-03
8.106077431734715196e-04
6.014042933269454598e-04
7.940018375402560242e-04
5.786915501657467200e-04
8.119796701827811233e-04
5.253205159148416825e-04
7.929377432451591720e-04
1.025034346428809221e-03
7.769498354134233122e-04
9.343793959502532092e-04
8.490289427865735719e-04
8.299786595620295459e-04
5.491641684363950289e-04
7.787693102280991882e-04
5.585126563646870433e-04
1.341827447514126965e-03
7.239871033434214318e-04
6.835751848392840292e-04
5.563521619374203709e-04
8.389759846162276853e-04
1.634434956807101795e-03
4.795571428401935337e-04
