-1.587381458516374266e+01
-1.586977250345562673e+01
-1.587142277273228608e+01
-1.587404427574612242e+01
-1.587510124825590907e+01
-1.587189666104272234e+01
-1.587171072127042137e+01
-1.587377509849410728e+01
-1.587486568796588671e+01
-1.586665798284574791e+01
-1.588332917065564942e+01
-1.586797303455469077e+01
-1.587266658739262581e+01
-1.587435530921494475e+01
-1.586797189662294549e+01
-1.587767532385134217e+01
-1.587546834612919611e+01
-1.587400884792879197e+01
-1.587352260683877603e+01
-1.587573973281496365e+01
-1.587298336405611643e+01
-1.587126073105595125e+01
-1.587436698038597527e+01
-1.587238380520262737e+01
-1.586501414290373191e+01
-1.588087045448243018e+01
-1.587484912603768095e+01
-1.587737047871022256e+01
-1.587605109899055122e+01
-1.587819160529173246e+01
