1.219714358728527931e-01
1.392789577981685123e-01
1.296476142539562948e-01
1.578385784150606319e-01
1.729249937702566076e-01
2.073912066160040202e-01
1.253178871703466701e-01
1.439178300206807593e-01
2.555119242520411671e-01
1.953199614403854367e-01
5.013125269547767937e-01
9.822030218391883394e-02
1.588860281696356791e-01
9.092047401329038381e-02
1.330956826895955958e-01
2.347268431501525754e-01
4.356599698102104345e-01
1.666342940168089037e-01
1.512935511483005924e-01
1.243905393664969244e-01
1.708759773595842357e-01
1.211452447784822917e-01
1.105606274063432454e-01
2.294879027739918087e-01
1.498501270522482332e-01
8.932525855620580824e-02
2.441978475532605997e-01
2.897804633332075608e-01
3.607607035695658548e-01
1.593574581752187358e-01
