-8.049400509952755556e+01
-8.004710671106387565e+01
-8.013640218878948929e+01
-7.979888120703543564e+01
-8.166559412407021057e+01
-8.012655778332674572e+01
-8.155670499607875001e+01
-8.235982934365665642e+01
-8.175410150712195900e+01
-8.030076159800300672e+01
-8.030704046389149653e+01
-8.113895901292133317e+01
-8.013284126687776165e+01
-8.048982555064009148e+01
-8.014120849819127557e+01
-8.071920968876139568e+01
-8.267306039150133756e+01
-8.146977115380070700e+01
-8.160029933864475993e+01
-7.871550323698444629e+01
-8.303366004914474274e+01
-8.052926755343042942e+01
-8.132597837940949148e+01
-8.064896288365127930e+01
-8.063341895950634353e+01
-7.993375736514903451e+01
-8.161848386756486207e+01
-8.093527995597754909e+01
-8.021133726358999638e+01
-7.960081055662497818e+01
