-5.014464580882420819e+01
-5.031981695887836992e+01
-5.034562334471258538e+01
-5.022800271401775518e+01
-5.025284124856003132e+01
-5.029054283207958775e+01
-5.000588292502918364e+01
-4.994873987420027106e+01
-5.035832105400363901e+01
-5.025780275095044658e+01
-5.029434698088546440e+01
-5.065142882155423365e+01
-5.016877742677906582e+01
-4.998999267011350867e+01
-5.046854195165757062e+01
-5.027125407337049268e+01
-5.021920617014868071e+01
-5.042235735030675414e+01
-5.031345197816308712e+01
-5.032802384587314748e+01
-5.046823514729377536e+01
-5.014112142180992748e+01
-5.060402255742256017e+01
-5.032395435073137691e+01
-5.037376893105619757e+01
-5.033989036188668109e+01
-5.045884179083581955e+01
-5.037581972876787972e+01
-5.023190056303482720e+01
-5.033596910868322283e+01
