3.204273166765844727e-02
3.500820322910416782e-02
2.279267043601176587e-02
1.469150594295881053e-02
4.333016598993778834e-02
2.004021730471572740e-02
2.123010439753719378e-02
3.553321675001418212e-02
1.701898714861707282e-02
2.412024668863238866e-02
7.892190360097291191e-02
1.775082252506265598e-02
1.989220775536859956e-02
2.092340217233110838e-02
3.151349973981951852e-02
2.680239883123820832e-02
4.342031525921732221e-02
2.383822291449524608e-02
2.114007008796575313e-02
1.980674747247795908e-02
4.013159312084787350e-02
2.264999152833550855e-02
2.623895981613563397e-02
3.953453558818160324e-02
2.388279977112181193e-02
2.292814269638505584e-02
1.445702073161826001e-02
2.678199919355879130e-02
3.225866570953921791e-02
2.888865227455106668e-02
