-8.459037968096077975e+01
-8.532162961251290767e+01
-8.604898838097503244e+01
-7.994827419787900169e+01
-8.098318511628342264e+01
-8.541110182837826414e+01
-7.712542159651108875e+01
-8.291079700733915558e+01
-8.114007249472007288e+01
-8.518688148590449316e+01
-8.306922465736516870e+01
-8.505480650421634436e+01
-8.225716051462755729e+01
-8.719213540824213737e+01
-8.559108996608175346e+01
-8.465790096115435404e+01
-8.177945457080798519e+01
-8.878579964494561239e+01
-8.184813915790954297e+01
-8.480684068892892924e+01
-8.635541812649046278e+01
-8.436489385094483850e+01
-8.616529947656241006e+01
-8.429370978696668715e+01
-8.332618870203961592e+01
-8.481587763709021033e+01
-8.692772669882532455e+01
-8.327771665264269529e+01
-8.633141007001579226e+01
-7.866706171331361475e+01
