4.807648317619468981e-01
7.701331800139186168e-01
3.592360281997064586e-01
1.402300299959768681e+00
6.744829253062105678e-01
2.998196053985587861e-01
1.137864932957048048e+00
7.668022450296289039e-01
5.141393717647304573e-01
5.896804177932153390e-01
8.673680238152492450e-01
7.105896701207028432e-01
4.580911489989557550e-01
4.726983598465711034e-01
5.951646172636015919e-01
3.435660153783021142e-01
4.978125966277549552e-01
3.976297206683855556e+00
8.215852848785527573e-01
3.447263984886688171e-01
5.599859228306670600e-01
3.619331393047020562e-01
6.278824729575376296e-01
8.784776066158829222e-01
4.817122407640320736e-01
3.679848733198991528e-01
4.361110318095139937e-01
4.746044731887785195e-01
4.662597173488603475e-01
4.568504591138347060e-01
