4.415218605152727849e-02
1.114097251983925951e-01
5.490604712781941427e-02
6.757170373888367332e-02
1.116353255693387780e-01
9.708178357631620792e-02
1.049093964521610883e-01
6.087350949418667001e-02
8.298101631241090737e-02
5.440668931486499632e-02
3.948342405111248538e-02
8.435671402385976070e-02
1.560331366422621213e-01
4.961734592013396922e-02
7.979408044149613466e-02
2.349838008906071918e-01
1.378875971722300919e-01
3.457044342405976578e-01
7.731091103745589554e-02
7.378668924621871461e-02
6.741379478621023491e-02
7.211943869827075471e-02
5.154966270329099098e-02
7.387903845594198660e-02
9.606645779015725306e-02
4.817117402727564418e-02
1.018210977074697210e-01
1.080198466280309216e-01
6.904950323552637437e-02
5.347286844827429247e-02
