-6.117983708345634852e+01
-6.125604059652872024e+01
-6.166040115004494027e+01
-6.195752303427227048e+01
-6.118666796093681626e+01
-6.108254016759892124e+01
-6.197554001955504077e+01
-6.134610933905591423e+01
-6.161800548901908314e+01
-6.158694467251110893e+01
-6.104687071056915215e+01
-6.113502557930209491e+01
-6.124404784429206927e+01
-6.193841289044432585e+01
-6.158864691672685865e+01
-6.095752896287746125e+01
-6.116321230831186995e+01
-6.134787983730996075e+01
-6.081857684779936335e+01
-6.105400686221616979e+01
-6.145625895203102118e+01
-6.124237327681758813e+01
-6.151174909521963485e+01
-6.187740999526499763e+01
-6.121081087126157882e+01
-5.921610506738397817e+01
-5.979123025950271852e+01
-6.232477059723195367e+01
-6.110125648819253286e+01
-5.855254671719320214e+01
