-8.785072050212819761e+01
-8.784460440238653689e+01
-8.785373521732695679e+01
-8.783615078639060414e+01
-8.785473864670331068e+01
-8.784810087683004554e+01
-8.784770410671248442e+01
-8.784529129438752193e+01
-8.785377421262597863e+01
-8.783023354929161997e+01
-8.786330705869164603e+01
-8.785465612129910085e+01
-8.785966696223906069e+01
-8.786052708666720434e+01
-8.786003399565831273e+01
-8.785516392081106574e+01
-8.784815666419537195e+01
-8.785140967397107659e+01
-8.784664975960409095e+01
-8.784267264402380704e+01
-8.786529503463995638e+01
-8.784061000225111115e+01
-8.786464407142277366e+01
-8.785989952344527865e+01
-8.784942623612042212e+01
-8.784644828065040656e+01
-8.785448248314631314e+01
-8.785304389317624896e+01
-8.785928674780336678e+01
-8.785671471059683313e+01
