5.970429102825847850e-03
5.946617332249074135e-03
5.910035009124631721e-03
5.895283125923241746e-03
5.953638440181650490e-03
5.835796433318425278e-03
6.491931092442176573e-03
5.960651955211885254e-03
6.647953808486501553e-03
5.940918159292418559e-03
5.906302482011430328e-03
1.051990312424982109e-02
5.837142366217895444e-03
5.994058344118291179e-03
5.862854447848070936e-03
6.018651586667297937e-03
5.893628723561569749e-03
6.034693894260663612e-03
5.942235591308787229e-03
6.164953861070970528e-03
6.506243614175681762e-03
6.196750995759691717e-03
5.980860608003016159e-03
5.911818443071437286e-03
5.905218628998600873e-03
6.083465857679781937e-03
9.095284390617304482e-03
6.041436854426917094e-03
5.851412175490131387e-03
5.890738449817113642e-03
