4.152028358398560277e-04
4.043319231881159210e-04
4.647817367615497664e-04
4.402439625832781610e-04
4.278485351950904350e-04
4.434601705530362252e-04
5.948650197971913156e-04
4.626064375170920633e-04
4.535510631104124122e-04
4.247752030211761082e-04
4.044581110823938352e-04
6.184339872253679076e-04
4.120918965266772869e-04
4.783456501892325067e-04
4.664394431541658945e-04
4.234652671731641655e-04
4.017024766004815032e-04
4.582640386955319695e-04
4.220790809617830223e-04
4.306297249852026492e-04
4.485651104789772025e-04
4.065951883995606473e-04
6.193193496176592700e-04
4.900238669639997435e-04
4.589170408409801584e-04
4.178264652610163394e-04
1.678668245355228669e-03
4.134880806816636028e-04
4.634821970511350986e-04
4.475195485071196706e-04
