-5.492897669549714479e+00
-5.487675757270351617e+00
-5.487913387856563574e+00
-5.491800234301721595e+00
-5.493214317938978297e+00
-5.491865099473431044e+00
-5.490321472717314855e+00
-5.491968663576096255e+00
-5.492914250373152285e+00
-5.493181576332140992e+00
-5.491931630977271439e+00
-5.492020139831955916e+00
-5.490551608332201461e+00
-5.490988109958534480e+00
-5.491085579004357342e+00
-5.492367229026867470e+00
-5.492080245848564246e+00
-5.491847801025049769e+00
-5.494641657675012780e+00
-5.491699359228640276e+00
-5.492070416065478966e+00
-5.491847511984549790e+00
-5.490804951590739336e+00
-5.491743011323530155e+00
-5.491747722541127530e+00
-5.491987837944675377e+00
-5.493001726965120568e+00
-5.489070778940798867e+00
-5.492359089602985023e+00
-5.491221141105426362e+00
