1.876206520234042011e-02
1.228540229323849507e-02
1.339140925134098617e-02
1.501449624030340262e-02
1.678512301295401535e-02
1.829660395618652041e-02
2.829209536960697671e-02
2.734226771787968968e-02
1.211635677125860212e-02
3.584176272829791426e-02
2.046659431747276797e-02
1.588084459293610459e-02
8.978061849328689698e-03
1.023363726282074462e-02
1.720912891598504885e-02
1.336946352557687179e-02
2.182563851739037150e-02
1.989872712253999698e-02
1.305516607889771301e-02
2.014822919067586413e-02
1.531144204574196900e-02
1.793374743116823988e-02
2.007837847960379507e-02
2.089871970452339064e-02
2.132244529530102559e-02
1.576449694067713278e-02
1.232085240175251166e-02
1.241530412709781345e-02
2.022108219217168268e-02
2.566969662108576494e-02
