-8.693974012911823479e+01
-8.684678448942091222e+01
-8.700380074981343625e+01
-8.698665474514858431e+01
-8.694558407117929733e+01
-8.707349548391937333e+01
-8.693235440763693589e+01
-8.700628466473452249e+01
-8.691625307516642351e+01
-8.697422724014761286e+01
-8.700908008882200306e+01
-8.684275420172687632e+01
-8.713593293191738098e+01
-8.703209880687802524e+01
-8.688468237425153973e+01
-8.698688366584269716e+01
-8.713303693094898961e+01
-8.698270318216449937e+01
-8.699523112637683653e+01
-8.705260012913174705e+01
-8.702918085512268931e+01
-8.694890853918218454e+01
-8.693712815339291922e+01
-8.687354984609281416e+01
-8.707138543557178423e+01
-8.696628885292815880e+01
-8.704425628267600246e+01
-8.714459252783277066e+01
-8.701252179079881444e+01
-8.688248091036027176e+01
