2.166782485283004229e-03
2.596434348815928727e-03
1.732388184955671075e-03
4.214725074179124543e-03
1.242911748344057267e-03
1.227037115150824689e-03
1.749508760819943384e-03
7.417550965973374391e-03
1.257052184961605099e-03
3.006794956113300211e-03
2.737814969002986664e-03
1.469244207209377236e-03
2.229784009620051563e-03
2.268147245609080688e-03
1.762525335443173267e-03
2.055153476246458170e-03
1.787512031186052437e-03
9.757234427386764046e-04
1.309728090361710539e-03
1.769879530118365681e-03
2.074064931017118897e-03
1.139955958367064315e-03
3.869865688140426696e-03
3.852518734549103055e-03
2.433550829975264767e-03
2.048948140615904426e-03
1.243620728216689175e-03
3.843805951802382621e-03
1.571104618959057436e-03
3.599980433273339102e-03
