-2.816115633424681164e+01
-2.817193691368897390e+01
-2.815180537090925128e+01
-2.816122446102691157e+01
-2.814587731171687324e+01
-2.818038460671738576e+01
-2.814907661456042476e+01
-2.816862170505752161e+01
-2.813779128409161245e+01
-2.815820932486816730e+01
-2.816482899369739101e+01
-2.814799445325279237e+01
-2.817061802248146307e+01
-2.816320721389358539e+01
-2.815337688365947955e+01
-2.815354330859892684e+01
-2.815195233911831707e+01
-2.813233280707409634e+01
-2.816910015954810831e+01
-2.816758141080230615e+01
-2.815577010702362060e+01
-2.814240439616382616e+01
-2.814143340179811759e+01
-2.816384231236550306e+01
-2.814979930862541480e+01
-2.815473294462670850e+01
-2.815594982371539601e+01
-2.813663411606821541e+01
-2.816759760722728601e+01
-2.814543766369482114e+01
