-8.701050927577010441e+01
-8.701732897068463046e+01
-8.701272490504626944e+01
-8.701852450457629118e+01
-8.703331245953125972e+01
-8.704045257164614213e+01
-8.702930751397119025e+01
-8.703500746432722224e+01
-8.704425283128415458e+01
-8.702884653562860251e+01
-8.702322888795629297e+01
-8.701368739031647692e+01
-8.703390852382960929e+01
-8.702806366764185952e+01
-8.702685654405904359e+01
-8.702547333373664173e+01
-8.702031240633898790e+01
-8.703360473081048099e+01
-8.702888963154035196e+01
-8.703029894677328571e+01
-8.703161333776495212e+01
-8.701236877853696683e+01
-8.703167054725906837e+01
-8.702249682395080299e+01
-8.699888926234173425e+01
-8.699942393148998576e+01
-8.701766780628557285e+01
-8.701132912466282221e+01
-8.702376536789373063e+01
-8.703674150665952425e+01
