5.862631594474085502e-03
5.874630931468861721e-03
6.077402247102675105e-03
6.998384911767174636e-03
6.056750306276690275e-03
6.125134519990410933e-03
6.500502100524100345e-03
6.474157374783097267e-03
5.885004948675331971e-03
6.026690238620843916e-03
6.026109965138075342e-03
6.013832356955698712e-03
5.962821372198073670e-03
5.916097287267878257e-03
5.924181870763372583e-03
8.393432581087597461e-03
6.112977521127727250e-03
6.166223621887181698e-03
6.386266005349542675e-03
5.991081322404533289e-03
6.067134849623929439e-03
6.622581532768048208e-03
5.891076009605435669e-03
6.224466908039920712e-03
5.966282099650555872e-03
6.236326102913669275e-03
5.919914256789350279e-03
6.188628395982918168e-03
6.423889695161808661e-03
7.582868461924951835e-03
