-7.567198755437130941e+00
-7.565274688726880470e+00
-7.564095218220970196e+00
-7.566793534763278650e+00
-7.568483529573272861e+00
-7.564928667156667785e+00
-7.562779772032032000e+00
-7.565222974800120070e+00
-7.564322507915535176e+00
-7.565611121197244771e+00
-7.566275738451240684e+00
-7.567222729373611401e+00
-7.564707405137579777e+00
-7.567007063342757966e+00
-7.567417001925692333e+00
-7.563807163312070259e+00
-7.563029502996952758e+00
-7.562812083042050659e+00
-7.565281276813161426e+00
-7.564504544313924050e+00
-7.564154791613522555e+00
-7.566481513743452680e+00
-7.568097167560273064e+00
-7.564341506876663956e+00
-7.565288569077187830e+00
-7.566962108198932668e+00
-7.565805759610554126e+00
-7.566459380711235916e+00
-7.566960568006861010e+00
-7.566293493133962045e+00
