5.598048606915381233e-04
5.062901636665814329e-04
4.633333940122454824e-04
4.553207540039405535e-04
4.873167466178566316e-04
5.276308420321951242e-04
4.391310475641906986e-04
4.567439490009309131e-04
4.377759486854507828e-04
5.452058123970066495e-04
4.513499908833032838e-04
4.975854082767766856e-04
5.006271186491977965e-04
4.625914392707310531e-04
5.368157683973399539e-04
1.024066039631058109e-03
4.133675718766540927e-04
4.806103642927635655e-04
5.083095203371883501e-04
4.494997370976926295e-04
4.343922972844253458e-04
4.475412136396358519e-04
5.865290813031269045e-04
4.356931244601168723e-04
4.800534654527283140e-04
4.552806689092628507e-04
4.073844635041078718e-04
6.648205686026839199e-04
4.414168361035404912e-04
4.671541245280559510e-04
