1.977683691225130269e-01
1.907773187674766946e-01
4.948130795552762029e-01
1.709267658256292399e-01
2.272628896039179947e-01
1.532820190728618748e-01
1.195953805471998005e-01
1.236187617161517011e-01
1.013534019274047321e-01
1.254093586993149934e-01
1.201428416478218936e-01
2.268493424526354940e-01
2.584817996557770559e-01
1.015275419372193288e-01
1.342752724927976093e-01
1.282268829734511117e-01
7.453632079914757069e-02
8.034205447517536736e-02
1.096654294680487612e-01
9.912997406282281210e-02
7.584757096890870631e-02
2.316119712035042133e-01
1.184247906791895816e-01
1.216231072860438633e-01
5.340528929179077372e-02
7.976254092551686437e-02
8.112263219521136104e-02
1.194629968504588163e-01
1.299614651362135109e-01
2.707061561841456743e-01
