-8.007601823724039036e+01
-8.326599848335970933e+01
-8.161208140724731663e+01
-7.993499731654904394e+01
-7.917638381229556899e+01
-8.243640986379278957e+01
-7.969088446913261237e+01
-8.039737412985914489e+01
-7.914561515795874413e+01
-8.306658294582699398e+01
-7.913616632309032184e+01
-8.103535030709122111e+01
-8.142553717210915920e+01
-8.025851781422787212e+01
-8.012508211707208261e+01
-7.980774523805047238e+01
-7.872193253415093750e+01
-8.093632622125190323e+01
-7.927509733233286227e+01
-8.018009324431423579e+01
-8.026902293274405054e+01
-7.927436865790986076e+01
-7.967720794235948745e+01
-8.008729330798601609e+01
-8.010059277617673956e+01
-8.020206113288097072e+01
-7.933462937637186485e+01
-7.898336809344739606e+01
-7.917940480212467946e+01
-7.899714141473947393e+01
