-4.750286950356840521e+01
-4.690465243367046355e+01
-4.747742472550839210e+01
-4.728898319894428681e+01
-4.777345035990393995e+01
-4.682836574437763488e+01
-4.747526230879644515e+01
-4.764042616193208346e+01
-4.747777455130614044e+01
-4.684207117028059031e+01
-4.743968436480815143e+01
-4.730280410152593618e+01
-4.719524415241183846e+01
-4.752737927325881628e+01
-4.756635877131527224e+01
-4.761369637009315170e+01
-4.727361432187855428e+01
-4.743363006107296798e+01
-4.741003457939054044e+01
-4.745562159928466883e+01
-4.759277131802565464e+01
-4.734916243675587566e+01
-4.741300998417188595e+01
-4.754269054821070029e+01
-4.751953520975202849e+01
-4.742674450750774895e+01
-4.754192300917988945e+01
-4.739698628851216711e+01
-4.740609793249512904e+01
-4.738474666501572585e+01
