3.102198663837147860e-02
2.005892214311042962e-02
2.476782212631450930e-02
2.980402911618590042e-02
1.774577379507991451e-02
3.572109740573008868e-02
1.419228700355877441e-02
2.108876160442443859e-02
1.511874111832598074e-02
1.050999190224222689e-02
2.165142867575792565e-02
3.437034944307035267e-02
2.386848919117061721e-02
2.077469521412831505e-02
2.856466206540674707e-02
3.248477604610282982e-02
1.653107502659767816e-02
1.515627439988258968e-02
1.569449022722065046e-02
3.160971933228697017e-02
5.773355464799810599e-02
1.414909079535316486e-02
1.620171636103609134e-02
1.889860064800208059e-02
3.482526814690160843e-02
2.720585830995934928e-02
3.780154914877714017e-02
9.903368429907482076e-03
2.195981786759102980e-02
2.033075235421784657e-02
