5.951436235685967323e-03
6.410304521354335053e-03
5.935150547960697798e-03
6.021271938507297833e-03
6.232292658827224066e-03
6.018298484525347845e-03
6.352886784579867517e-03
5.958604997929962781e-03
5.838170290370900233e-03
5.935544380442404205e-03
5.902311675162457555e-03
6.053480697053716802e-03
5.883029425182008214e-03
6.332142631667705794e-03
6.115518538184283072e-03
6.186698660232138082e-03
6.448890616970849067e-03
6.208017770262759527e-03
5.996470940906188304e-03
5.882701297557136645e-03
6.026601952045998814e-03
6.023239293553284655e-03
1.047874839214753967e-02
6.127076497325097300e-03
6.714769161607086860e-03
5.849327766679962223e-03
6.430513579853411495e-03
6.025771720273877946e-03
6.089819014580394839e-03
5.953958202283849040e-03
