-8.647317383096041965e+01
-8.648016537270017068e+01
-8.646252357009197453e+01
-8.647671994700885989e+01
-8.646923630093466784e+01
-8.646507663127306387e+01
-8.646293707621454416e+01
-8.649006591649620646e+01
-8.647027025735357597e+01
-8.647993900137072387e+01
-8.648885160665133753e+01
-8.647744541689272069e+01
-8.647021871327700637e+01
-8.647698117989419586e+01
-8.647377900214553392e+01
-8.644954504666662842e+01
-8.648035901315114415e+01
-8.646816028507002727e+01
-8.646402911618000076e+01
-8.647271916929554436e+01
-8.646983383805597612e+01
-8.646341462723316340e+01
-8.646478489025174952e+01
-8.649871532118864081e+01
-8.647253271412601805e+01
-8.647239325704623525e+01
-8.647219822479416962e+01
-8.646849363317519988e+01
-8.648282659836094410e+01
-8.646069528092661471e+01
