4.980883719095988670e-04
5.759041881243753651e-04
5.717780340790292034e-04
4.233219544746118636e-04
5.082947214909979772e-04
5.574218044447950670e-04
4.269648813972991676e-04
4.395610628967463931e-04
4.351643940514353446e-04
4.623295801809318190e-04
4.321733720489054614e-04
4.498025232093444078e-04
4.187225127062078455e-04
4.275606658291900204e-04
5.379758321898870949e-04
4.455219976275614992e-04
4.796326783285072065e-04
4.446795920680623993e-04
4.598467912864920336e-04
4.537373703418084991e-04
4.870260763256342848e-04
5.722253875924531320e-04
7.487035899744361438e-04
4.254132642151193210e-04
5.493353546079593952e-04
6.297964223286191916e-04
4.527607124626885316e-04
4.387731335484461683e-04
6.635779312444442350e-04
5.230630733993449138e-04
