-6.567122267170992345e+00
-6.569690035745073153e+00
-6.565228597046135484e+00
-6.567388985273385771e+00
-6.565201454753450960e+00
-6.569958060726166060e+00
-6.568281525329002335e+00
-6.567781653357953608e+00
-6.568214129309438931e+00
-6.566400446403061864e+00
-6.570218479234726239e+00
-6.568126110361358627e+00
-6.566195252025019968e+00
-6.567898445378020256e+00
-6.567389752483648202e+00
-6.567320952857070182e+00
-6.564745675792318380e+00
-6.569086313337336946e+00
-6.567544098286825616e+00
-6.566108131556918970e+00
-6.566944037768246645e+00
-6.570870792790774573e+00
-6.568648723213355467e+00
-6.563967844293409293e+00
-6.563905000900155606e+00
-6.569270123947280382e+00
-6.564522322478926419e+00
-6.565316191046449035e+00
-6.569556937260434992e+00
-6.566718659677409420e+00
