6.767727057033021826e-03
6.058165373040792605e-03
6.518053930019369890e-03
6.523548357286529896e-03
6.245661692349026642e-03
6.232861158845103867e-03
6.310635864350385739e-03
6.058778627607730449e-03
5.976668874560372990e-03
6.525720669377458455e-03
6.304520938393265959e-03
6.588318553807591058e-03
6.761501170743580355e-03
7.701815979711252973e-03
7.167669495886835711e-03
6.651012067225093097e-03
6.054734759534052824e-03
6.170701609680910582e-03
6.241209732406017077e-03
6.258891848007992753e-03
6.626641364138647142e-03
6.314162074369951937e-03
6.215074786454631572e-03
6.458962079959986932e-03
6.838701820869122656e-03
6.776458194913338902e-03
6.201728856173619082e-03
6.334211937695667823e-03
7.397910438591874353e-03
6.619384145956310264e-03
