-8.700555514587330208e+01
-8.697558522177118334e+01
-8.697162811103426350e+01
-8.699506497159794094e+01
-8.698439718090152439e+01
-8.699008904836566103e+01
-8.698148794544340490e+01
-8.698724296088818164e+01
-8.693521839027550868e+01
-8.696051067989131411e+01
-8.693431464520783436e+01
-8.698508895917795769e+01
-8.698721993417808562e+01
-8.699770297909137184e+01
-8.698952939737414169e+01
-8.698876090257374472e+01
-8.695747388215281148e+01
-8.696573687841589617e+01
-8.700655851291924137e+01
-8.699843325085996071e+01
-8.696984206639572790e+01
-8.698091887138230049e+01
-8.700538425846167456e+01
-8.697311462974835194e+01
-8.696842682727404394e+01
-8.699270199205642484e+01
-8.700379461951867199e+01
-8.696318633473180171e+01
-8.698905864867096227e+01
-8.696778100749759233e+01
