5.203727958702508444e-04
5.694914538909190849e-04
5.768679514230913574e-04
5.669813896618634700e-04
5.793701815356974488e-04
6.457203825795221168e-04
5.166386641418738027e-04
5.318438467412047637e-04
4.887363658039839236e-04
5.230142140095476360e-04
8.570931402568352951e-04
5.776846605878888270e-04
6.338881166656712505e-04
6.048832723728799626e-04
5.586412036853312087e-04
5.404447633373416372e-04
5.286674738699181572e-04
5.113531204916225200e-04
8.056528997693706813e-04
5.963848680589476812e-04
4.939196714307724162e-04
7.457975978079363745e-04
4.912292728738257850e-04
6.762313003426797739e-04
5.327928379699978928e-04
5.859264007697250918e-04
6.342463925564387293e-04
5.422159606098558458e-04
8.228340734628790528e-04
5.950472302422660318e-04
