-1.381029081656701152e+01
-1.379987457575004584e+01
-1.379860104963745115e+01
-1.379647883629791139e+01
-1.379861482245072679e+01
-1.380326633530461322e+01
-1.380664371347125652e+01
-1.380103827345151046e+01
-1.380169234036015524e+01
-1.380077729968148859e+01
-1.379963244798450361e+01
-1.380139490626866028e+01
-1.380357895904911203e+01
-1.380432068570545923e+01
-1.379940421704343834e+01
-1.379844842925042947e+01
-1.380203157068571329e+01
-1.379706423963779471e+01
-1.380341523764201028e+01
-1.379938106896532091e+01
-1.380430507659701078e+01
-1.380227122686949848e+01
-1.380171160831984167e+01
-1.380070362566312525e+01
-1.379636675345500407e+01
-1.380218299749120270e+01
-1.380019468857376985e+01
-1.380304114970082274e+01
-1.379521269339635126e+01
-1.380002951671899325e+01
