1.033883193043312436e-02
9.647902368069345702e-03
1.050744721034294060e-02
1.011339084813607167e-02
1.432153709823990456e-02
1.102973466835199985e-02
2.001481929033403426e-02
1.441211008210742037e-02
1.686497425897826030e-02
9.754232933504875663e-03
9.703803492833970243e-03
1.136995888050458016e-02
1.083022412371733960e-02
1.306149517966250298e-02
7.837722810943095753e-03
1.025106372201951138e-02
1.332565541407696764e-02
8.661287017814097572e-03
1.328234647215855053e-02
8.938909702213186995e-03
7.197091245656549001e-03
1.488354614432751445e-02
1.032864840106593150e-02
2.026742124582654389e-02
8.736030051294469204e-03
8.039217407863848142e-03
9.910840592270346236e-03
7.503022452595288320e-03
8.744705235211010577e-03
8.626676126579987600e-03
