-8.824912926856268314e+01
-8.833690870074025270e+01
-8.819831626478634234e+01
-8.818827614379432589e+01
-8.821313602561869516e+01
-8.828039003477395852e+01
-8.820274096032323996e+01
-8.821741718742482874e+01
-8.816280689632671397e+01
-8.810646076360465884e+01
-8.817108924852222174e+01
-8.822421735991341052e+01
-8.818768753049765508e+01
-8.822370774167623608e+01
-8.817095494055948279e+01
-8.826309359623084561e+01
-8.825384055400228078e+01
-8.815705573874765832e+01
-8.821560347754655140e+01
-8.828960924978268565e+01
-8.820032163135924463e+01
-8.819840124454663055e+01
-8.821373699092576715e+01
-8.820955471535376091e+01
-8.823192621024398363e+01
-8.819785351570547505e+01
-8.822484014089201310e+01
-8.823792541904442999e+01
-8.819983124767699678e+01
-8.821631601678427614e+01
