2.448504396555337831e-03
1.568590280857780741e-03
1.969185568471044142e-03
1.413435117588637824e-03
1.557811832454556768e-03
1.170147504161721339e-03
1.618230489844340670e-03
1.380726414933404565e-03
1.186075504217310892e-03
1.710027389639726982e-03
9.901115601904100175e-04
2.548543392460938216e-03
8.131391239528035827e-04
1.268857809560211590e-03
1.500730980935972240e-03
2.032077914649155648e-03
2.785439178672014047e-03
1.174419246106279784e-03
1.606614642139677284e-03
2.188261008162848808e-03
1.562208059796286238e-03
1.883581953806135042e-03
2.241457650618620696e-03
1.609088790273046059e-03
1.825126770179471896e-03
9.326887294000088015e-04
7.517201902183387940e-04
1.117685789527243919e-03
1.033787170851487242e-03
1.378224302944679050e-03
