-2.417910248240872662e+01
-2.417337679720415267e+01
-2.417379973107462021e+01
-2.418885606203163618e+01
-2.418380856276513313e+01
-2.417553783297709913e+01
-2.418071060715856646e+01
-2.417673240815032187e+01
-2.415621547807793235e+01
-2.417574827462276943e+01
-2.418755145415946117e+01
-2.416832740233204646e+01
-2.418039281570409571e+01
-2.417178482720098742e+01
-2.418094055453193292e+01
-2.418792502378146381e+01
-2.418154171191213564e+01
-2.418105074122776443e+01
-2.419076310216927084e+01
-2.419602891728569460e+01
-2.418710190683317762e+01
-2.418837613928279140e+01
-2.417981462711239971e+01
-2.417589095050504966e+01
-2.418926981975570101e+01
-2.418847214679405511e+01
-2.418759486022870675e+01
-2.417450629075569069e+01
-2.417878545609650587e+01
-2.417554554586367743e+01
