9.057129764891697077e-02
1.404582004829314501e-01
9.825313168912887252e-02
7.923216266815416575e-02
1.021137948333841194e-01
1.215801195298146509e-01
5.412488822361870983e-02
1.139412465372871969e-01
8.226684767191266845e-02
7.614836142863097568e-02
5.777684341344348912e-02
2.817074608659942969e-01
6.415182078000272736e-02
9.422199094638415706e-02
8.099541337444510214e-02
5.965818906620112827e-02
8.491234243193823694e-02
4.935021338376917310e-02
1.123285460099753275e-01
1.179303638342228677e-01
7.227622860403754013e-02
1.936648149710256117e-01
1.317345611735505906e-01
1.207315057881632459e-01
1.516090293752508089e-01
1.251896417853909926e-01
6.773273352678929604e-02
9.485968683333012574e-02
1.939164700716504708e-01
9.704609466603257573e-02
