-7.968148315838746498e+01
-8.053488423743324631e+01
-7.995328609336465320e+01
-8.082185658241286319e+01
-7.904903519634851250e+01
-7.970233361917632919e+01
-7.978401257891164278e+01
-7.967992139873561541e+01
-7.945074333080631845e+01
-7.942507515277978314e+01
-7.917570889999588246e+01
-7.932475073979448155e+01
-7.889032766912549732e+01
-7.913276040882138318e+01
-7.977694760518858175e+01
-7.830354285176900930e+01
-7.940646226934421748e+01
-7.849353577026595019e+01
-7.837082298567494831e+01
-7.905859900028846710e+01
-7.916159097703224745e+01
-8.064406364810989203e+01
-7.990795415833967752e+01
-7.871504410227582582e+01
-7.930011565728700873e+01
-7.940339358505258360e+01
-7.968413464724847017e+01
-7.908561869178787163e+01
-7.973041143619010995e+01
-7.948019640376796247e+01
