1.941949613553889398e-02
1.636819273280465392e-02
8.148637195195323688e-03
1.308771665046652363e-02
1.710384610663924151e-02
3.548763249210421661e-02
2.008463158285287917e-02
1.710672849897812084e-02
1.310170856294638579e-02
2.004557964037930948e-02
1.459543312774932988e-02
1.118187137469476601e-02
1.389011186176393464e-02
1.525235504502656797e-02
1.624816691456230228e-02
2.436136258192569265e-02
1.254741882298065353e-02
1.388990461024047253e-02
1.298950330732350118e-02
9.656193209100513361e-03
2.242883389510472170e-02
1.388135339016857012e-02
2.688280997228282426e-02
2.081371868565302236e-02
2.933762985836141021e-02
2.274215673194730780e-02
2.052412829701008232e-02
8.469089009414587990e-03
9.027844110983240106e-03
2.442607016799266256e-02
