-4.453922003746758662e+01
-4.467187712145454270e+01
-4.462402260935672160e+01
-4.452654492808423470e+01
-4.486995319980707109e+01
-4.462916132191194407e+01
-4.475477198079771313e+01
-4.474639004553098687e+01
-4.472356607687490282e+01
-4.460390356295156522e+01
-4.470915369428225716e+01
-4.489060887994911297e+01
-4.466317349949349591e+01
-4.465149691558254119e+01
-4.464259679078964638e+01
-4.471817550400642460e+01
-4.450304897803873416e+01
-4.478188111244941183e+01
-4.456342787382398285e+01
-4.463467648404424182e+01
-4.463234692694589967e+01
-4.458763470266389106e+01
-4.468885260847422103e+01
-4.462266316173221981e+01
-4.462754790937890448e+01
-4.472046921712336598e+01
-4.475656508458258998e+01
-4.470618067899221160e+01
-4.447203128824978080e+01
-4.465442023249718773e+01
