3.166664511767612322e-01
2.224736805788135596e-01
3.668651993869989081e-01
2.519717776162441747e-01
1.749944945909747418e-01
3.011320104416489452e-01
2.931578961313522358e-01
2.421102424878287529e-01
1.288457865351993192e-01
3.358829531401119062e-01
3.089634011077908582e-01
1.576408099426948040e-01
3.388400036152224293e-01
2.717685254175229437e-01
4.491222108492141096e-01
3.764604683612786107e-01
2.841974172919187747e-01
3.242272948130652255e-01
4.453949046520301325e-01
2.324140993414321454e-01
4.049874913564207590e-01
3.681088389974760400e-01
3.454990147914145937e-01
2.433784782575030003e-01
5.683211301840541685e-01
4.439270950465968313e-01
2.924110453698725576e-01
3.968881872290656587e-01
3.214316328796863464e-01
3.443979940465305423e-01
