-8.392408533728274733e+01
-8.076940496062940156e+01
-8.387643171588194946e+01
-8.157796440628135315e+01
-8.313111554308579798e+01
-8.570446686857562213e+01
-8.522567458053383405e+01
-8.222514927492815673e+01
-8.243586393445656313e+01
-8.516095664105564822e+01
-8.361978101968981036e+01
-8.169161048004545478e+01
-8.153296548352935247e+01
-8.048148918767253690e+01
-8.187388937349466289e+01
-8.500259025380933053e+01
-8.459668789015793777e+01
-8.316027470730931270e+01
-8.481929383329142524e+01
-8.344264453534881909e+01
-8.181492973474919950e+01
-8.336772992220389256e+01
-8.446613825504616102e+01
-7.978428600253805314e+01
-8.300610207873631907e+01
-8.268328856106568026e+01
-8.472473963768909755e+01
-8.360603947934203006e+01
-8.484254583528982607e+01
-8.293051193674362764e+01
