-5.563737075266499232e+01
-5.577557309698901378e+01
-5.514654249292600952e+01
-5.576064596359963588e+01
-5.544546956626784606e+01
-5.368813433514507238e+01
-5.461368136614829893e+01
-5.581408879837091064e+01
-5.622332366967856387e+01
-5.579290869600829694e+01
-5.533621234360671792e+01
-5.592776599302921170e+01
-5.607864064098424706e+01
-5.567462879718721069e+01
-5.591137259371092938e+01
-5.590819887019715395e+01
-5.593854232282805583e+01
-5.555877251665884842e+01
-5.583352843562909129e+01
-5.562141790426304055e+01
-5.553198307259910393e+01
-5.568909235646074762e+01
-5.541047135354661179e+01
-5.564035954235618675e+01
-5.569104423043246044e+01
-5.524466722878933922e+01
-5.507428828645201691e+01
-5.593594159811394206e+01
-5.540365371020958207e+01
-5.538522453309293070e+01
