5.348228452964306351e-02
7.025658323133178451e-02
3.890559505495181508e-02
4.838493352532573927e-02
6.447976854617894216e-02
4.066681214040697434e-02
3.922073259925722144e-02
8.856737898012398413e-02
5.336931271691984502e-02
2.441023439967902192e-02
2.394594074611818002e-02
4.587861870537351255e-02
3.758126132434914252e-02
8.700239497214079520e-02
3.482851565657896220e-02
8.034368693011484375e-02
6.077996459194946743e-02
1.320081009065658673e-01
6.245886762723399516e-02
3.203321058072073485e-02
5.719863779084021632e-02
1.985404210700470184e-01
4.325980291298523600e-02
1.874262369260604535e-02
7.494306021658846129e-02
1.175128457033523671e-01
3.724845367132072899e-02
6.937392480141375828e-02
5.941660630529446707e-02
3.681109637013212088e-02
